 texplosion  fnickel    Pspin  log(Bfield)      Mns  thetaPB   mejecta    kappa  kappagamma     vejecta  temperature    alpha  cutoff_wavelength  log(nhhost)      A_V         MJD0  kenergy  mnickel             TSD   log(L0)  Peak_mag     Peak_MJD  log(E_rad)  log(Peak_lum)  Rise_Time    E_fold  tau_1  delta_m15     r_peak     frac 
  -15.30131  0.39048  3.07871     13.40263  1.55885  1.06501   9.33233  0.30729      0.0105  5440.35952   8683.52944  1.21288         2119.38141     16.89808    4e-05  60308.78827  1.64768  3.64404  21482901.72435  44.15282  16.92117  60418.25355    51.06535       43.97632   88.62717  90.68827   76.0    0.06616  -21.01699   0.7945 
   -19.0968  0.24819  3.42401     13.44531  2.09523   1.4155   7.93812  0.32905     0.01026  5098.88013   8591.22404  0.32067          2858.1564     16.10272    1e-05  60304.99277   1.2311  1.97013  29343204.83299   44.0535  16.94434  60419.31528    51.06638       43.97422   86.84122  90.97546   76.0     0.0618  -20.99346  0.89628 
  -16.57634  0.41599   2.9904     13.75052  1.35916  0.33341  11.27572  0.22703     0.01045  5448.66003   8766.09848  0.00506          4796.0117     18.70298   0.0028  60307.51324  1.99688  4.69059   3560419.67631  44.89915  16.92262  60416.69418    51.05448       43.96525   85.95309  89.64348   79.0    0.06685   -21.0111  0.71787 
  -16.92809  0.47155  3.01441     13.61471  1.58836  0.51176    8.9221  0.30535     0.01048  5366.27156   8824.54846  0.01264          5324.2026     17.65166  0.00025  60307.16149  1.53264  4.20721   7902078.71324  44.61365  16.94594  60416.69418    51.07293       43.97121   89.12974  94.66216   76.0    0.05707  -21.03086  0.77675 
   -16.6542  0.10967  3.03041     13.39663  1.74382  1.21083   9.49982  0.28805     0.01047  5489.16499   8939.22027  0.07831         5610.51361     18.10589  0.00071  60307.43538  1.70748  1.04184  23936340.16304  44.16829  16.90541  60417.35888    51.09767       44.01397   84.16365  89.49278   79.5    0.06412  -21.05104  0.94262 
  -18.31882  0.28671  3.21381     14.03067  1.64112  0.23474  10.64262  0.32039     0.01034  5586.91183   8664.75684  0.15714         5939.88125     17.94489  0.00049  60305.77075  1.98161  3.05136   1366667.84648  45.33428  16.93521  60407.38877    51.08072       43.97941   90.92649  93.07349   83.0    0.05262  -21.01774  0.82269 
  -13.34989  0.36156  4.30127     14.32795  1.87459  0.20019   9.61139  0.17368     0.01325  4396.78627   9825.29268  0.61782         4826.11357      19.8681    0.041  60310.73968  1.10837  3.47511     711230.1633  45.42255  16.95126  60407.38877     51.0636       43.95723   92.42524  94.68264   82.0     0.0589  -21.00642  0.74299 
  -14.82947  0.44249   3.0613     13.82297  1.45301  0.27477  10.87168  0.21632     0.01035  5556.14777   8836.12215  0.14156         4054.49126     16.66352    3e-05  60309.26011  2.00203  4.81058   2857329.79119  45.00334  16.89343  60409.97912    51.05972       43.97011   88.62717  90.68827   78.0    0.06288  -21.02673  0.71566 
  -16.32976  0.16985  2.64727     13.37479  1.24941  0.87878  11.47369  0.30532     0.01233  5916.33569   8843.69089  2.19424         2105.90072     17.92096  0.00046  60307.75981  2.39572  1.94881  14471979.52334  44.35943  16.94205  60418.25355    51.04746       43.94804   89.18952  92.74936   88.0    0.03981   -20.9746  0.87954 
  -16.84338  0.01658  2.96759     13.52533  1.68394  0.89803  10.89743  0.32569     0.01062  5687.67959   9188.64675  0.13361         2911.59647     16.34205    1e-05  60307.24619  2.10291  0.18067  12254155.80284  44.46208  16.92437  60409.97912     51.0358       43.93885   88.62717  92.74936   87.5    0.05174  -20.99607  0.98997 
  -18.30959  0.00582  3.30129      13.4763   1.8203  1.41082   9.85837  0.30959     0.01184  5539.49982   8369.84813  0.10573         4424.55422     16.64984    2e-05  60305.77999  1.80457  0.05741  20545732.10822   44.1789  16.94738  60412.21747    51.05883       43.95753   89.18952  92.74936   76.0    0.06121  -21.00797  0.99643 
  -16.40599  0.30364  2.93241     13.31344  1.46527  1.25217  10.42286  0.28485     0.01064  5728.63302   8321.35199  0.05653         3485.05166      18.3686   0.0013  60307.68359   2.0404  3.16485  27625526.63101    44.059  16.93597  60419.03227    51.05693       43.96276   87.27672  92.60106   76.0     0.0605  -21.01868  0.81573 
  -15.47978  0.47408  3.20866      13.3651  1.51793  1.55692   8.62303  0.33602     0.01307  5561.57452   8353.66952    0.969         2417.95667     17.72954   0.0003  60308.60979  1.59105  4.08803  27009809.11481  44.00593  16.97668  60417.35888    51.07576       44.00835   83.00623  86.18907   76.0    0.05333  -21.02078  0.75467 
  -18.58707  0.35495  3.10695     13.50829  1.56293  0.84808    9.8028  0.31167     0.01025  5242.40698   8688.06521  0.24206         2702.93013     16.93421    5e-05  60305.50251  1.60708  3.47946  13485054.41648  44.34826  16.90752  60412.21747    51.10917        44.0128   89.18952  92.74936   76.0    0.04962  -21.01552  0.80378 
  -16.01682  0.46275  3.12022     13.49059  1.55937  0.82446   8.90991  0.32209     0.01055  5263.14364   8659.42215  2.41221         2059.95291     18.34772  0.00124  60308.07276  1.47228  4.12308  14721607.10051  44.30547  16.93805  60418.25355    51.08164       43.98414   88.69424  93.03656   74.0    0.06234  -21.01464  0.76982 
  -17.13961  0.25006  3.28755      14.0594  1.65063  0.23111  11.98919  0.28363     0.01079  5779.15068    8619.8439   0.1158         2664.59344     18.21545  0.00091  60306.94997  2.38861  2.99805   1260105.87738  45.35234  16.97202  60419.31528    51.08352       43.99505   83.59533  90.09916   85.0    0.05437  -20.99884  0.82103 
  -15.53257  0.49001  2.96079     14.10243  1.49539  0.13696   9.17598  0.23582      0.0102  5306.17333    8418.6475  0.05969         2917.39628      17.9031  0.00044    60308.557  1.54114  4.49632    759508.18073  45.62025   16.8888  60409.97912    51.06058       43.97477   88.30138  90.68827   74.0    0.06516  -21.00773  0.74766 
  -15.89157  0.33612  3.20839     13.38035  1.79989   1.2649  10.13342   0.2665     0.01024  5677.44643   8954.13122  0.06443          3364.6206     18.21538  0.00091  60308.19801  1.94845  3.40606  29849363.83807  44.03658  16.98444  60420.57075    51.09434       44.00239   85.78554  91.53834   81.5    0.06638  -21.04544  0.81887 
  -16.95514  0.26153  2.88136     13.47269  1.52693  0.73332   9.94792  0.28722     0.01017  5461.12666   9168.54861  0.12785         5451.73227     17.19264    9e-05  60307.13444   1.7698   2.6017  13348797.00381  44.40803  16.92896  60412.21747    51.05817       43.95962   90.92649  92.94184   84.5    0.06401  -21.02776  0.85592 
  -14.86393  0.27178  3.65928     13.56584  2.06862  1.07947   9.70499  0.27039     0.01246  5891.46133    8547.7654  0.07534         4412.83552     20.10172  0.07022  60309.22565  2.00941  2.63763  18993915.76669  44.17912  16.96496  60416.69418    51.04245       43.95071   85.06732  92.74936   74.0    0.06846  -21.12316  0.85245 
    -15.968  0.20169  2.98396      13.5651  1.63053  0.70605    11.274  0.33478      0.0103  6084.04819   8549.81749   0.2852          3277.8258      19.8083  0.03573  60308.12157  2.48938   2.2739   9989138.31517  44.53206   16.9228  60417.35165    51.06035       43.96195   88.98144  92.74936   83.5    0.05484  -21.06876  0.87848 
  -16.08898  0.35749  2.84342     13.25712  1.44904  1.44157  10.30131  0.33111       0.011  6094.64419   8162.76104  0.04985         4324.18502     18.09116  0.00069  60308.00059  2.28253   3.6826   33291876.1898  43.99991   16.8958  60417.02768    51.09245       44.00217   89.18952  90.68827   78.5    0.04987  -21.02794  0.79623 
  -15.20461  0.27107  3.40625      13.4396  1.77307  1.20728  11.44355  0.27137     0.01045  5873.76713   8782.51562  1.72359         2723.64054     17.21113    9e-05  60308.88496  2.35516  3.10195   25228894.7423  44.05112  16.91408  60405.50242    51.07676       43.98482   89.18952  90.68827   87.0    0.04878  -21.00057  0.81567 
  -16.49988  0.45412  3.64593     13.59819  1.77309  0.79429   8.63372  0.23637       0.012  5040.69368   8528.88623  0.19864         2991.08691     18.66354  0.00256  60307.58969   1.3086  3.92072  13924424.99707  44.25018  16.95755  60407.38877    51.07661       43.97064   90.03836  94.69515   76.0    0.05868  -20.99204  0.75531 
  -15.23531  0.06578  2.82765     13.39069  1.54951  1.10755   9.66141  0.31772     0.01026  5637.79542   8547.73688  0.20994         4406.63522      17.5353  0.00019  60308.85426  1.83183  0.63549   19031603.1667  44.27671    16.908  60419.31528    51.06729       43.97684   87.27672  91.02477   74.0    0.06623  -21.05761    0.964 
  -14.54846  0.35518  3.52966     13.44941  1.86492  1.36376   9.90985  0.29626     0.01299   6052.1318   8644.15396  0.02638          2960.0274     19.01753  0.00578  60309.54112  2.16526  3.51981  27235092.73765  44.00891  16.91104  60414.45583    51.10031       43.99863   91.04253  92.74936   83.5    0.05435  -21.04543  0.79635 
  -16.73949  0.42913  3.33208     14.04791  1.78802  0.22457   9.97968  0.32849     0.01067  5830.57154   8615.48957   0.0211         4594.13317     16.82802    4e-05  60307.35009  2.02379  4.28255   1478446.14025  45.30598   16.9523  60420.57075    51.05953       43.95665   91.04253  94.56979   82.5    0.05905  -21.02974  0.77109 
  -15.63991  0.30952  3.06524     13.99529  1.60875  0.24125  11.31672  0.33154     0.01049  5926.79679    9143.8174  0.17726         4288.27003     19.26951  0.01033  60308.44966  2.37131  3.50272   1434356.20713  45.34575     16.93  60413.33685    51.05981       43.95064   90.92649  94.68264   87.5    0.05124  -20.99867  0.81215 
  -18.24168  0.21295  3.25983     13.93426  1.77791  0.30802   9.37074  0.32317     0.01173  5595.96987   8459.29118  0.18588         2175.37212     17.16165    8e-05   60305.8479  1.75046  1.99547   2374607.87906  45.11677  16.91098  60409.97912    51.07733       43.97772   90.68827  92.74936   78.0    0.05942  -21.01723  0.88498 
  -17.39478  0.18358  3.13273     13.62937  1.74896  0.62623   8.71223  0.32928     0.01107  5314.10532    9042.2085  0.36005         2755.62264      16.0941    1e-05  60306.69479  1.46763  1.59937   8784184.82695  44.57608  16.91505  60418.25355    51.07964       43.99534   86.84122  88.91437   80.5    0.05852  -21.00149  0.91051 
  -15.56819  0.44426  3.20278     13.53278  1.69921  0.71178  10.76513  0.33716     0.01126  6256.98243   8784.61037  0.07066          3665.5097     16.56309    2e-05  60308.52139  2.51406  4.78248  13917526.76454  44.34448  16.92127  60407.38877    51.09863       44.00161   89.18952  92.74936   89.5    0.05013  -21.00737   0.7491 
   -15.2336  0.35761  3.78262     13.54594  1.68303  1.29343  10.20267  0.26797     0.01058  5030.48112   8772.38776  1.05374          3672.7228     16.21006    1e-05  60308.85598  1.54014  3.64859  18097676.13708  44.08173  16.92652  60412.21747    51.06902       43.97376   89.18952  92.74936   78.0    0.05053   -20.9874  0.75103 
  -17.43464  0.15221  2.87261     13.46636  1.63519  0.82975   9.64082  0.33213     0.01059  5786.13288   8484.21506  0.01525         3439.16698     18.98448  0.00536  60306.65494  1.92539  1.46738  14629021.57549  44.40065  16.93938  60420.57075    51.08203       43.98719   86.84122  91.46027   76.5    0.05417  -21.06057  0.92241 
  -17.96913   0.3035   3.6152     13.65344  1.96251  0.73417  10.38939  0.29002     0.01098  5494.62802   8631.90925    5e-05         3405.85993     19.30717  0.01127  60306.12045  1.87109  3.15317  11749237.41945  44.37538  16.92904  60405.50242    51.06766       43.96974   89.18952  92.74936   80.5    0.05694  -21.01181  0.81951 
  -17.64815  0.16193   3.0305     13.71941  1.78544  0.48214   6.39364  0.33359        0.01  4682.98388   8112.80652  0.05655         2946.56762     16.82479    4e-05  60306.44143  0.83641   1.0353   5543420.31202  44.81378  16.92621  60419.31528    51.05688        43.9651   88.62717  90.68827   76.0    0.05117  -20.96832  0.94526 
  -15.74212  0.37204  3.28129     13.38499  1.92563  1.50524   9.76954   0.3245      0.0101  5926.58977    8654.1994  0.04521         3802.75938     16.79411    3e-05  60308.34745  2.04697  3.63467  32696579.78163  44.00683  16.92575  60414.45583    51.08394       43.98175   90.68827  92.74936   81.0    0.06607  -21.03988   0.8165 
  -17.34667  0.30939  2.98561     13.46286  1.58824  0.91503  10.20307  0.33868     0.01044  5702.45573   8698.15424  0.02583         2163.92263     19.34024  0.01216   60306.7429  1.97916  3.15671  15598485.25693  44.32661  16.92268  60407.38877    51.07701       43.97865   89.18952  92.74936   79.0    0.05462  -21.04769  0.83263 
  -14.91549  0.34165  3.87614     14.27631  1.98696  0.17571  10.00372  0.21622      0.0122  5487.08188   8613.19378  0.06891         2017.08577     18.62239  0.00233  60309.17409  1.79668  3.41775      776582.496  45.50005  16.93394  60419.03227    51.05134       43.95582   89.18952  92.74936   72.0    0.06037  -21.04471  0.78849 
  -18.46742  0.37664  3.19412     13.46741  1.49895  0.89089   9.62342  0.25634     0.01102  5013.11736   8802.34094  0.14031         4044.10723     18.02432  0.00059  60305.62216  1.44269  3.62459  16500184.04296  44.21844  16.91131  60417.35165    51.05247       43.96674    85.4259  90.53996   78.0    0.06369  -20.98179  0.77445 
  -15.25395  0.36774  4.16824     13.63278  2.09028  1.06027  10.37867   0.2696     0.01345  5693.31614   9114.66547    3.583          2100.5274     17.08555    7e-05  60308.83563  2.00678  3.81663  18296603.71915  44.08677  16.94399  60409.97912    51.05899       43.94799   91.25061   96.2138   88.0    0.04259  -20.96543  0.75797 
  -15.61959  0.47123  3.18795     13.39816  1.75835  1.10562   6.94231  0.32649      0.0134  5363.49805   8825.00207  0.25559         2016.34597     18.35926  0.00127  60308.46998  1.19132   3.2714  26523576.76162  44.08329  16.92689  60409.97912    51.06306       43.95843   88.62717  94.56979   72.0    0.06755  -21.03578  0.82155 
  -15.46915   0.4797  2.82152     13.67432  1.42887  0.34837  10.15714  0.28609     0.01017  5588.24189   8871.09288  0.91671         2274.62607     16.70775    3e-05  60308.62042  1.89212  4.87242   4732983.40671  44.84774  16.93314  60409.97912    51.15163       44.05122   91.04253  92.74936   84.5    0.06109  -21.00732  0.73884 
   -16.1226  0.48932  3.78658     13.70155  2.06459  0.67111   9.29289  0.29858     0.01113  5548.13456   8910.04209  0.25387         2001.42215     18.89121  0.00432  60307.96698  1.70637  4.54722  10865123.76966  44.39115  16.97048  60423.40923    51.15083       44.04987   85.09408  94.22136   79.5    0.05927  -21.03474   0.7525 
  -14.63637  0.44042  3.27204     13.70352  1.71225  0.48857   9.66832   0.3214     0.01162  5955.42322   8852.69754  0.15225         3412.71958     18.23011  0.00094   60309.4532  2.04552  4.25811   6667773.05707  44.64879  16.93052  60405.50242     51.0786       43.98338   89.18952  92.74936   84.0    0.05949  -21.03449  0.76726 
   -16.2003  0.29017  3.41345     13.80909  1.77875  0.44366  10.82131  0.29612     0.01127  5838.68242   8572.21138  0.71566         2347.70022     16.99391    5e-05  60307.88927  2.20058  3.14006   4636022.85211  44.78643  16.92788  60414.45583    51.03122        43.9319   89.18952  94.56979   81.5    0.05103  -21.03316  0.81761 
  -14.76488  0.47651  3.23851     13.45916  1.66621  0.86628  10.26332  0.30971     0.01204  6066.72883    8842.1743  1.06748         2223.72551     16.74682    3e-05  60309.32469  2.25333  4.89058  19584753.49527  44.17796   16.9377  60409.97912    51.06654       43.96076   90.92649  93.07349   87.0    0.04961  -21.03129  0.73398 
  -18.29659  0.12354  3.27122      13.9294  1.81073  0.33303  10.01305    0.272     0.01009  5341.79631   8242.28572  0.07021          2744.1827     18.38498  0.00135  60305.79299  1.70439  1.23699   2490472.21203    45.101  16.93925  60419.31528    51.06749        43.9754   87.27672  91.02477   74.0    0.06492  -21.01694   0.9279 
  -14.06891  0.20811  4.33403     14.29849   2.1532  0.22983   8.61498  0.24811       0.013  4975.88229   8393.31105    0.723         3779.54404      18.1237  0.00074  60310.02067  1.27239  1.79288    949934.73326  45.35045  16.96402  60420.57075    51.08046       43.98365   90.40107  91.46027   76.0    0.06108  -20.97671  0.87037 
  -17.19785  0.20676  2.89759     13.43251  1.53778  0.88724   11.2064  0.31485     0.01125  6014.01629   8836.74946  0.04276         3052.20399     16.34741    1e-05  60306.89172  2.41781  2.31702  16359551.48477   44.3179  16.91347  60407.38877    51.08284       43.98435   88.30138  92.74936   89.5    0.04995  -21.00418   0.8713 
  -15.80324  0.00101  3.01691     13.42667   1.5219  1.49314  10.79266  0.23727     0.01242  5267.77194   8797.55371  0.17032         2641.24867     16.05994    1e-05  60308.28634  1.78653  0.01085  18029617.32678  44.23612  16.94502  60418.93253    51.06915       43.98063    84.9904  89.64348   76.0    0.06043  -21.01503  0.99928 
  -17.43795  0.10475  3.21094     13.45689  1.84415  1.32818  10.14199  0.27267     0.01028  5381.87513   9169.88786   0.3286         2082.09579     19.40725  0.01419  60306.65162  1.75234  1.06236  21532096.95615  44.18829  16.89942  60414.45583     51.0627       43.97484    84.9904  90.97546   79.5    0.06464  -21.04219  0.94122 
  -16.95244  0.46938  3.52323     13.64532  1.77706  0.73686   8.42223  0.32259     0.01121   5059.6222   8511.51673    0.111         4150.11898     18.99081  0.00544  60307.13714  1.28615  3.95326    10489556.821  44.40391  16.91641  60412.21747    51.07402       43.97709   90.68827  92.74936   74.0    0.05665  -21.00766  0.77178 
   -16.2828  0.43463  3.50932     13.52775  1.78116  0.88261  11.75683  0.27019     0.01017  5892.51408   8756.13046  0.00535         2067.15748     17.18258    8e-05  60307.80678  2.43511  5.10991  17925576.70169  44.17563   16.8921  60413.37721    51.06231       43.96906   88.62717  90.68827   85.0    0.05473  -21.02348  0.71652 
  -17.37192  0.47942  2.90692     13.30492  1.49481  1.24823   8.55918  0.33944     0.01337  5572.20152   8802.33389  0.01913         3696.40655     20.04438  0.06153  60306.71766  1.58531  4.10348  28802641.00893  44.05713  16.92445  60413.37721    51.06177       43.96195   91.04253  92.74936   82.0    0.06192  -21.06866   0.7799 
  -16.26903  0.08718  3.07822     13.44411  1.69228  1.38096  11.84015  0.32197     0.01205  6051.49188   9168.55148  0.70383         2062.36196     19.10617  0.00709  60307.82054  2.58648  1.03222  19260787.10116  44.23604  16.92653  60418.25355    51.05175       43.96377   87.27672   90.9913   87.5    0.04877  -20.99219   0.9418 
  -15.30718  0.46551  3.49413     13.68119  1.82439  0.60545   9.67505  0.33869     0.01006  5590.37289    8652.5579  3.30705         2118.26705     17.21881    9e-05   60308.7824  1.80369  4.50384   8979210.60497  44.49005  16.98778  60416.69418    51.07936       43.96308   91.96883  96.41961   79.5    0.04983  -20.99759  0.75237 
  -15.67049  0.46198  3.26466     13.72273  1.67876  0.50946  10.98718  0.33582     0.01082  5827.38442   9254.17983  0.02892         5024.52884     19.75781  0.03181  60308.41909  2.22567  5.07585   5957041.58025  44.69113  16.96027  60409.97912    51.04899       43.94056    92.7795  95.13458   89.5    0.04822  -21.00179  0.73652 
  -16.84784  0.38557  3.64509     13.49568  1.95035  1.25194  11.63144  0.31103     0.01008   5825.2814   8906.38683  0.21042         2982.55381     16.58539    2e-05  60307.24174  2.35448  4.48476  24546248.39741  44.04555  16.92576  60407.38877    51.05536       43.95454   89.18952  92.74936   89.5    0.05023  -20.96961  0.75552 
  -17.21501  0.41947  3.29128     13.43204  1.80729   1.1668   8.64056  0.33825     0.01092  5365.58678   8836.59924  1.00165         2142.33887     16.71582    3e-05  60306.87456   1.4839  3.62444  24859051.30216  44.09566  16.91134  60414.45583    51.06617       43.96714   89.18952  92.74936   79.0    0.05329  -21.01362  0.80592 
   -16.1586  0.43866  2.68367     13.31844  1.42329   0.9185   9.00963   0.3353     0.01043  5564.38171   8831.81481  0.00233         5098.55686     17.24219   0.0001  60307.93097  1.66406  3.95218  21962725.23172  44.22299  16.92693  60405.50242    51.05889       43.95728   89.18952  94.56979   80.5    0.05541  -21.03549  0.79858 
  -16.51727  0.22494  3.33536     13.79457  1.64301  0.43974  10.22301   0.2331     0.01115   5208.5868   8748.44098  0.09991         4647.79251     18.43349  0.00151  60307.57231  1.65442  2.29952   4371238.72139   44.7976  16.93387  60419.03227    51.05864       43.96833   88.77547  91.02477   76.0    0.05335  -21.00213  0.85226 
  -18.58065  0.34088  2.69375     13.25297   1.3664  1.29838   9.14914  0.30935     0.01046  5236.76791   8667.34031  0.03491         2033.13687     18.92246  0.00465  60305.50892   1.4967  3.11872  28718611.89117  44.08555  16.90572  60420.57075     51.0638       43.96943   89.18952  92.74936   76.0    0.05097  -21.00905  0.82803 
  -16.50675  0.29004  3.43967     13.53514  1.92034  0.97386  10.17801  0.32113     0.01051  5730.45682   8562.80399  0.19099         2574.91937     18.18382  0.00085  60307.58283  1.99374  2.95203  17944990.08874  44.22524  16.96286  60405.50242    51.07843       43.97315   89.18952  94.81046   80.0    0.05094  -21.02576  0.83855 
  -16.54809  0.35102  3.51208     13.91215  1.77533  0.37466  10.11173  0.28307     0.01229    5496.319   9066.52357  0.12884         2465.13895     19.42222  0.01469  60307.54148   1.8222  3.54941   3047307.20422  44.94308  16.93063  60419.03227    51.07136       43.97468   88.69424  93.03656   83.5    0.06348  -21.02778  0.79157 
  -17.50947  0.16386  3.16534      13.6936  1.78015  0.53523  11.14038  0.32368     0.01064  6032.73119   8570.56131  0.07971         5084.28916     16.59304    2e-05   60306.5801  2.41855  1.82542   6790796.88888  44.68654  16.94977  60407.38877    51.08321       43.97933   90.03836  93.07349   86.5    0.05457   -21.0268  0.89919 
  -15.14088  0.46771  3.55887     13.97613  1.68302  0.29576   8.98584  0.32924     0.01651  5963.69673   8871.27408   0.2317         2391.54081     16.15637    1e-05   60308.9487  1.90641  4.20275   2209373.49948  45.04804  16.95273  60407.74077    51.06662       43.96221   91.25061  94.35851   87.0    0.04655  -21.00383  0.73912 
  -15.12668  0.49634  3.87908     14.11745  1.87873  0.24196   9.75784  0.26078     0.01019  5212.41061   9106.39432  0.28281         5360.46067     16.69335    3e-05  60308.96289  1.58146  4.84326   1528374.68769  45.18102  16.90906  60409.97912     51.0589       43.96126    87.3387  92.74936   79.0    0.05626  -21.03478  0.70649 
  -17.40423  0.27607  3.19472      13.4503   1.7142  1.08334  10.66631  0.30714     0.01039  5710.08016   8792.24995  0.05974         2663.42377     17.16635    8e-05  60306.68535  2.07456  2.94469  20424140.15316   44.1839  16.91783  60407.38877    51.08849       43.99138   90.92649  92.83281   84.5    0.05571   -21.0151  0.83725 
  -16.28086  0.38809  3.40309     13.63481  1.65352  0.67436   9.54467  0.29612     0.01167  5439.74111   8337.20852  1.42117         2103.77958     18.00934  0.00057  60307.80872  1.68479  3.70416   9557635.29454  44.44316  16.88359  60409.97912    51.10024       44.00976    87.3387  90.68827   74.0    0.05283  -21.01296   0.7759 
  -15.74788  0.37823  3.02276     13.36162  1.63875  1.19328   9.98311  0.31891     0.01085  5929.47036   8889.62971  0.00503         4557.27585     17.08906    7e-05   60308.3417  2.09375  3.77595   26295988.2815  44.10266  16.91395  60418.25355    51.08526       43.99863   85.06732  90.26943   84.0    0.06445  -21.04917   0.8036 
  -16.16119  0.46495  3.13438     13.35463  1.54656  1.33095  10.53119  0.33422     0.01006  5756.87513   8415.15196  0.49211         2051.36686     18.27911  0.00106  60307.92838  2.08199  4.89651    27556419.809  44.02569  16.86796  60412.21747    51.09617       44.00653   89.18952  90.68827   80.0    0.06029  -21.00672  0.73161 
  -16.59532  0.36514  3.35376     13.40343  1.75817  1.37607   9.64635  0.33944     0.01324  6033.34776   8678.26215  0.04261         4371.66293     16.72221    3e-05  60307.49425  2.09463  3.52225  28646844.36738  44.00577  16.90836  60409.97912    51.07128       43.97676   89.12974  92.60106   89.5    0.05107   -21.0024  0.79797 
  -15.92402   0.4243  2.68487      13.2657  1.32662  1.07279  10.52059  0.33406     0.01029  5957.50034   8449.82253  0.21913         3079.13193     18.25775  0.00101  60308.16556  2.22739  4.46385  26122673.46962  44.11673  16.96238  60420.57075    51.06868       43.97816   86.84122  89.64348   81.0    0.05444  -21.03291  0.76162 
  -15.70925  0.37915  2.98121     13.74306  1.35542  0.38803  10.61916  0.29356     0.01144  5571.50042   8923.10778  1.45016         2463.86999     17.06771    6e-05  60308.38032  1.96635  4.02624   3652211.72853  44.88958  16.92769  60420.57075    51.08745       44.00773   85.06732  89.47724   83.5    0.05717  -21.00363  0.75666 
  -15.64353  0.49002  3.39536     14.10896  1.91449  0.19826   8.02976  0.32862     0.01032  5381.86992   8462.31867  0.11879         4819.33662     16.64262    2e-05  60308.44604  1.38738  3.93476   1240861.02683   45.3954  16.91113  60417.35888    51.06706       43.98179   85.06732  90.68827   74.0    0.05342  -21.02675  0.79293 
  -16.19591  0.48502  3.16984     14.03789  1.58238  0.22225   8.37984  0.29035     0.01024  4996.03559   8640.96458  0.14833         2300.38094     18.69204  0.00273  60307.89366  1.24771  4.06441   1239997.79014  45.37266  16.93055  60409.97912    51.06042       43.96334   90.92649  91.01239   72.0    0.06319  -21.00878  0.77245 
  -15.74596  0.45285  3.94504     13.53637  2.02121  1.35366  10.50394  0.28287     0.01003  5662.61023   8149.74896  0.61707         2494.22303      18.6231  0.00233  60308.34361  2.00915  4.75676  24705095.57166  43.98957  16.90607  60409.97912    51.06398       43.97287   89.18952  92.74936   74.0    0.06554  -21.01856  0.72525 
  -15.95613  0.45564  3.33305     13.38201  1.70876  1.21241   7.87313  0.29612     0.01091   5150.9569   7767.91907  0.57679         3728.04382     19.12715  0.00745  60308.13345  1.24609  3.58729  30349481.16076  43.97369  16.92046  60414.45583    51.04472       43.94808   89.18952  92.74936   80.0    0.06167  -20.97847  0.78532 
  -17.85828  0.16403  2.96769     13.33265  1.72512  1.56911   9.72902  0.32403     0.01001  5713.84259   8218.50152  0.12197          4290.6569     19.44746  0.01557  60306.23129  1.89475  1.59588  30491694.43284  44.07664  16.93613  60407.38877     51.0467       43.94607   90.36414  92.83281   78.0    0.05717  -21.03541  0.91518 
  -16.50082  0.32077  3.20865     13.81521  1.65076  0.43254   9.03889  0.31131     0.01131  5142.55731   9102.93406  0.09173         3812.14965     16.91842    5e-05  60307.58876  1.42594  2.89936   3696006.58995  44.90615   16.9454  60419.03227    51.08338       43.99199   85.05179   90.7038   76.0    0.05801  -21.03529  0.83554 
  -15.67168  0.22476  3.06439     13.85568  1.68114  0.33884  10.53962  0.30739     0.01066  5852.51445   9031.37093  0.15524           2467.981     18.88802  0.00429  60308.41789  2.15346  2.36887   2849336.58608  45.06702  16.88088  60417.35888    51.05711       43.97718   86.71438  89.20798   86.0    0.04583  -21.02265  0.87144 
  -14.50479  0.49334  2.86879     13.43583  1.55517  0.68174  10.07752  0.32962     0.01053   5935.8511   9305.64906  0.37253         4575.43878     20.01353  0.05731  60309.58478   2.1181  4.97164  15970922.94002   44.3419  16.89996  60409.97912    51.07042       43.97537   88.30138  92.74936   90.5    0.04496  -21.02504  0.75139 
  -16.08063  0.49822   3.4702     14.01136  1.78433  0.25885   9.37503  0.30318     0.01039  5461.99651   8580.02838  0.11172         4309.25816     16.71745    3e-05  60308.00895  1.66841  4.67085    1893597.8153  45.16232  16.91003  60412.21747    51.06511       43.96847   87.27672  94.66216   76.0    0.05749   -21.0308  0.74069 
  -17.51547  0.40613  3.36952     13.96626  1.79353  0.28808  10.17451  0.28765       0.011   5510.1166   8868.98657  0.01299         2200.37842     19.83839  0.03829  60306.57411  1.84273  4.13218   2208705.93288  45.12328  16.94205  60407.74077    51.07069       43.97016   91.25061  94.35851   80.0    0.06349   -21.0597  0.77703 
  -18.41858  0.37322  3.51097     13.66302   1.6714  0.67912  11.50022   0.2829     0.01049   5491.8581   8348.18815  0.10325         3865.71904     19.68051  0.02662  60305.67099  2.06906  4.29206   9030488.82787  44.44536   16.9232  60417.02768     51.0644       43.96542   89.12974  92.60106   76.0    0.05947  -21.01323  0.74236 
  -16.58356  0.26316  3.52851     13.45436  1.90328  1.40748   9.93556  0.31044     0.01273  5822.97815    8493.4459  0.30428         4067.92839      19.7318  0.02996  60307.50601   2.0096  2.61462  27150619.70433  44.01938  16.93212  60412.21747    51.07376       43.97785   88.77547  92.60106   85.0     0.0468  -21.03905  0.84474 
  -17.37016  0.20011  3.29192     13.42847  1.87639  1.48518  10.04352  0.30857     0.01115  5741.22318     8841.801  0.23276         2085.65633     16.07806    1e-05  60306.71941   1.9748  2.00985  26247386.72728  44.08818  16.92906  60405.50242    51.06424       43.96315   89.18952  94.67881   85.0    0.05956  -21.02641   0.8895 
  -16.27749  0.47401  3.10443      13.9124  1.55264  0.27528   8.49362   0.2999     0.01081  5210.79355   8398.34069  0.18437         4734.78885     19.79347  0.03453  60307.81209  1.37571  4.02604   2079940.40918   45.1579  16.94825  60419.03227      51.027       43.93386   90.36414  91.01239   74.0    0.06167  -21.05278  0.77379 
  -16.30466  0.43996  3.13215     13.37415  1.73355    1.417  10.40191  0.32989     0.01047  5886.90527   9023.80404  0.01648         5867.44241     20.02966  0.05948  60307.78491  2.15038   4.5764  28192287.10521  44.06597   16.8864  60414.45583    51.07398       43.98467   88.33997  90.97546   87.5    0.05656  -21.06814  0.77462 
  -15.90914  0.26589  2.81655     13.31834  1.41122  1.19066    9.8057   0.2989     0.01112  5511.82067   8917.02263   0.5507          2376.4158      16.8945    4e-05  60308.18044  1.77704  2.60722  23997223.34742  44.13884  16.93924  60416.69418    51.07543       43.96697   91.04253  94.81046   82.0    0.06465  -21.00836  0.84889 
  -16.39396  0.48223  3.22528     13.34763  1.65294  1.41323   8.67219   0.2667      0.0102  5028.59674   8697.55127   0.8949         2411.78309     17.51716  0.00018  60307.69561  1.30813  4.18203  32206372.18437  43.96202  16.96038  60418.25355    51.08998        44.0198   82.79814  88.25017   74.0    0.05202  -20.99618  0.76367 
  -15.54959  0.43201  3.13502     13.86535  1.60533  0.29619  11.39181  0.29893     0.01014  6016.43409    8860.8228  0.01408           2617.189     16.01986    1e-05  60308.53998  2.45979  4.92142   2723758.13791  45.04676  16.88102  60417.35888    51.09776       44.01428   86.27888  88.91437   87.5    0.05284  -21.00632  0.73741 
  -15.61702  0.47815   3.2146     13.38157  1.62355  1.28617  10.77457  0.33801     0.01025  5910.56903   8578.54574  0.14062         2563.40037     19.09512  0.00692  60308.47256  2.24536  5.15181  26877636.35948  44.03566  16.90069  60409.97912    51.06862       43.97442   87.27672  92.60106   84.5    0.05743  -21.01775  0.72512 
  -18.92173  0.25534  3.44273      13.4741  1.74313  1.54273   7.40162  0.25793     0.01265  4546.22169    8465.8264  0.18825         2605.75356     16.72767    3e-05  60305.16784  0.91255  1.88994  21614495.24586  44.10163  16.90411  60407.38877    51.07683       43.98016   87.27672  92.60106   76.0    0.05117   -20.9453  0.87934 
  -14.56891  0.35341  3.26298     13.56198  1.78679  0.77671  10.53168  0.32663     0.01007    6055.586   8641.55537  0.94184          2268.9832     17.96806  0.00052  60309.52067  2.30376  3.72199  13278704.41227  44.37053  16.93007  60418.25355    51.08219       43.99144   84.47935  91.27624   81.5    0.06095  -21.05129  0.80442 
  -14.88473  0.23139    2.797     13.39274  1.47946  0.88243  11.41738  0.29633     0.01011  6145.91906   8526.70311  0.56461          2272.5661     18.67572  0.00263  60309.20484  2.57257   2.6419  17612749.08976  44.29974  16.94345  60418.93253    51.07862       43.97663   87.84664  94.81046   81.0    0.05855  -21.05122  0.85608 
  -16.95058  0.10215  3.06134     13.54339    1.613  0.75374   7.76524  0.32361     0.01382   5292.0967   8301.57318  0.26556         2194.66966     17.89442  0.00044    60307.139  1.29729  0.79319   11494709.8293  44.44416  16.93033  60414.45583    51.07684        43.9763   87.27672  92.60106   76.0    0.05618  -20.99528   0.9507 
  -14.79526  0.25202  3.00774     13.38774  1.67326   0.9732   6.22258  0.31384     0.01055    4599.817   8927.49472  0.78664         4395.04842     19.14068  0.00768  60309.29432  0.78538  1.56819   23570598.0369  44.16356  16.90483  60416.69418    51.08582       43.99133   86.84122  91.46027   78.0     0.0565   -21.0123  0.90899 
  -17.94105  0.46356  2.72445      13.3905   1.3159  0.74266   8.40153  0.33891     0.01208  5318.51624   8769.79301  0.05674          2739.1996     19.01323  0.00573  60306.14853  1.41764  3.89462  15017474.06026  44.34091  16.88546  60412.21747    51.08156       43.98904   87.12842  91.17307   78.5    0.06492  -20.99768  0.77955 
  -14.74431  0.49688   3.2148     13.40903  1.69652  0.99595   9.36654  0.24921     0.01094  5631.17023   8509.04121  0.14229         2663.58925     19.96096  0.05078  60309.34526  1.77175  4.65405  24753065.35863  44.09047  16.92702  60412.21747    51.04785        43.9454   91.04253  94.56979   72.0    0.05469  -21.08036  0.74942 
   -16.3897  0.34055   2.8464     13.80337  1.35806   0.3161  11.01966  0.29026     0.01104  5580.55434   9159.47903  0.03196         5325.21157     18.47779  0.00167  60307.69988  2.04715  3.75274   2526891.31406  45.09058  16.95417  60416.69418    51.08425       43.97386   84.21778  97.15875   88.5    0.04394  -20.99748  0.78521 
   -17.1371  0.34026  3.15628     13.53196  1.56086  0.75719   9.97351  0.31078     0.01121   5381.3918   9210.21417  0.18395         5215.58106     16.89529    4e-05  60306.95247  1.72292  3.39356  12462418.60049  44.36826  16.90973  60413.37721    51.07464       43.97818   86.24029  92.74936   88.5    0.04354  -20.97891  0.79996 
  -16.16865  0.48987  3.39997     13.45564  1.62742  0.98123   9.96705  0.31152      0.0117   5771.0632   8284.98069  1.14263         2104.03773     18.65717  0.00252  60307.92092  1.98018   4.8826  21428100.81254  44.08641  16.96121  60407.74077    51.05341       43.95089   91.25061  94.35851   78.0    0.05379  -21.00312  0.71163 
   -16.8912  0.39518  3.62694     13.53365  1.74865  1.01105   8.66808  0.21338     0.01107  4761.93004    8580.6444  0.04459         5506.27426     16.48508    2e-05  60307.19838  1.17251  3.42543  18293795.86551  44.13016   16.9345  60405.50242    51.07674        43.9819   89.18952  92.74936   76.0    0.05642   -20.9603  0.77999 
  -15.41566  0.24995  3.27297     13.88365  1.77294  0.32917   9.93172   0.3311      0.0111  5936.95434   8545.12116  0.56855         3900.80531     19.39971  0.01395  60308.67392  2.08823  2.48239    3013709.0884  45.00855  16.93386  60418.25355    51.05049       43.95338   89.12974  92.60106   84.0    0.04454  -21.02883  0.85694 
  -16.07611  0.46819  2.95181     13.70821   1.5823  0.37162   9.46546   0.3359     0.01005  5675.45228   8676.62887  0.34187         2222.00868      18.5887  0.00215  60308.01347  1.81874  4.43165   4907438.13083   44.8371  16.92617  60418.93253    51.05494       43.96074   87.27672  92.60106   81.5    0.05439  -20.99253  0.76953 
  -16.03785  0.42271  3.15471     13.38184  1.62856  1.15728   9.00046  0.32113     0.01066  5460.93294    8436.9437  1.94985         2222.23983     18.02613  0.00059  60308.05172  1.60113  3.80457  25933664.88173  44.06887  16.92136  60419.31528    51.05748        43.9655   89.18952  90.68827   76.0    0.05865  -21.00567  0.78651 
  -16.11834  0.36398  3.22979     13.47005  1.62106  1.13672   6.47483   0.2951     0.01059   4390.0407   8150.38455  0.60466         3201.55823     17.10795    7e-05  60307.97123  0.74438  2.35674  18024458.79242  44.20443  16.92094  60419.31528      51.075       43.97876   90.05604  92.60106   78.0    0.06355  -20.94779  0.85666 
  -16.23891  0.08809  3.01882     13.39489  1.86806  1.33083   9.62212  0.30313     0.01049  5607.23451   8990.17855  0.84838         2012.07424     20.06327  0.06427  60307.85066  1.80466   0.8476  25650571.62896  44.17146  16.92428  60420.57075    51.07048       43.97933   89.18952  90.68827   81.5    0.06993  -21.08725  0.95734 
  -18.04849  0.10247  3.07969     13.38747  1.87704  1.51948   8.40969  0.33304        0.01  5214.05737   8784.11778  0.26609         2909.01053     19.56151  0.02024  60306.04108  1.36383  0.86173   27756551.6902  44.12194   16.9424  60412.21747     51.0582       43.95354   92.42524  94.68264   76.0     0.0574  -21.01566  0.95508 
  -15.37079   0.3046  4.10624     13.61847  2.07433  1.19825  11.66764    0.235     0.01013  5506.10606   8538.05572  2.00592         2224.56868     16.54421    2e-05  60308.71878  2.11008  3.55399  18821206.08731  44.08419  16.89039  60409.97912    51.08793       43.99296   87.12842  92.74936   76.0    0.05343  -21.01329  0.77716 
  -17.35137   0.4744  3.05942     13.79141  1.61501  0.34104   9.04338  0.31525     0.01035  5284.30845   8965.61399  0.10508         2993.77557      16.7193    3e-05   60306.7382  1.50638   4.2902   3668198.41738  44.94129  16.91768  60419.31528    51.08603       43.98965   89.18952  92.74936   80.0    0.06463  -21.00826  0.77241 
  -16.78965  0.11994  3.49885      13.5119  1.98085  1.44161  10.44854  0.30731     0.01242  5883.55282   8884.33792   0.0009         4949.51403     19.37297  0.01311  60307.29992  2.15756  1.25318  21316858.57554  44.14912  16.90089  60413.33685    51.07683       43.98322   90.68827  90.68827   87.5    0.05489  -21.02479  0.92733 
  -16.97282  0.17373  3.17978     13.52571  1.72942  0.85455  10.20167  0.30824     0.01019  5585.73172    8342.2091  0.31632         2953.74909     16.48935    2e-05  60307.11675  1.89871  1.77238  14424379.41807  44.34286   16.9534  60419.31528      51.072       43.96905   90.05604  92.60106   78.0    0.05766  -21.00845  0.89779 
   -16.7638  0.18493  3.85798     13.92949  2.11788  0.44447   9.70849  0.32891     0.01417  5985.01177   8710.46437  0.09586         5079.63085     18.17698  0.00084  60307.32578  2.07448  1.79536   4049958.65133  44.81458  16.92269  60414.45583     51.0771       43.97778   88.77547  94.66216   87.5    0.05314   -21.0129  0.88941 
  -17.05681  0.37386  3.81472     13.86414  1.95011  0.47317  11.07045  0.28691     0.01114  5737.78884   8505.32314  0.01615         3138.68133     16.90319    4e-05  60307.03276  2.17411  4.13879   4926257.25574  44.70346   16.9012  60413.37721    51.08252       43.98755   87.27672  92.60106   79.0    0.04934  -21.03079  0.75803 
  -15.77128  0.46852  3.70706     13.69035  1.99959  0.61727  10.08121  0.32346     0.01175  6048.65943   8780.31491  0.10579         4800.99682      16.6235    2e-05  60308.31829  2.20018  4.72323  10619635.80751  44.40562  16.93554  60419.31528    51.06903       43.97407   87.27672  91.02477   88.0    0.04235  -21.00965  0.74018 
  -17.23307  0.05506  3.15951     13.54224   1.6888   0.9087   8.64765  0.33054     0.01244  5315.23473   8424.26243  0.69709         2635.78533     17.81739  0.00036   60306.8565  1.45737  0.47611  12886930.93641  44.38703  16.93198  60419.31528    51.08023       43.98087   90.05604  92.60106   74.0    0.05855   -21.0059  0.97062 
  -15.96779  0.29234  2.94573     13.34059  1.49362  1.29645    9.1569  0.33743      0.0126  5729.27393   8284.64444   0.0239         3820.09899      16.1967    1e-05  60308.12179  1.79298  2.67689  25075811.90999  44.10544  16.91433  60414.45583    51.06464       43.96633   89.18952  92.74936   76.0    0.05114  -21.03814  0.84487 
  -16.03394  0.40091  3.79452     13.65674  1.99565  0.73574  11.10603  0.25882     0.01061  5616.57197   9356.11931  0.06677         5573.27834     18.06688  0.00065  60308.05563  2.08992  4.45246  12963865.09157  44.29788  16.92025  60409.97912    51.08966       43.99086   89.18952  92.74936   89.5    0.04991  -20.96724  0.74583 
  -18.13471   0.4042  3.09986     13.35871  1.65162  1.25164   8.90901  0.31775     0.01052  5376.53918   8394.00091  0.02283         3703.41713     17.94735  0.00049  60305.95487  1.53625  3.60099   28248190.0942  44.05308  16.91247  60407.38877    51.05661        43.9548   91.04253  94.56979   76.0    0.06065  -21.01003  0.80397 
  -14.73854  0.35161  3.33595     13.55399  1.54714   0.7198  13.83272  0.21037     0.01041  5867.18242   9210.32919  0.03132         4319.07011      19.0076  0.00565  60309.35104  2.84049  4.86368  12468464.69404  44.31612  16.93145  60407.38877    51.06944        43.9679   90.36414  92.83281   88.0     0.0421   -20.9861   0.7086 
  -15.89441  0.49552  3.56436     14.00736  1.77916  0.26679  11.19626   0.3111     0.01104  5938.56335   8949.90933  1.46235         2253.86873     19.24185   0.0097  60308.19517  2.35539  5.54799   2028956.68653  45.10782   16.8985  60413.33685     51.0582       43.96696   88.62717  90.68827   88.0    0.04146  -20.99026   0.6938 
  -14.33147  0.26457  3.04666     13.65296  1.53295  0.48458   8.90484  0.31163     0.01474  5943.81434   8745.56174  1.99853          2499.7104       17.885  0.00043  60309.75811  1.87665  2.35592   6532240.25966  44.67166  16.92106  60409.97912    51.06935       43.97088   90.68827  92.74936   85.0    0.05407  -21.03013  0.85485 
  -15.97724  0.19012  3.09606      13.4189  1.69162  1.45965  12.08003  0.30369     0.01085  6049.59745    8969.2198  0.33927         2544.91798     19.85287  0.03959  60308.11233  2.63723  2.29661  21874177.12228   44.1756  16.92873  60420.57075    51.06147       43.96932   89.18952  90.68827   86.5    0.04504  -21.05268  0.87624 
  -14.20775  0.31426  3.54324      13.4938  2.17572  1.55837   9.25808    0.334     0.01115  5837.84818   9004.11977   1.3239          2445.1998     20.01088  0.05696  60309.88183  1.88215  2.90943  26099286.70234  44.09102  16.88565  60407.74077    51.08085       43.98937   87.27672  92.60106   81.5    0.05526  -21.10376  0.85561 
  -15.71581  0.36691  3.33021     13.50211  1.90848  0.89529   8.12078  0.28209     0.01047  5233.51459    8380.8575  1.65278           2078.977     17.00524    6e-05  60308.37376  1.32682  2.97962  19464105.39689  44.21536  16.93707  60416.69418     51.0504       43.95268   89.18952  94.56979   76.0    0.06662  -21.02177  0.83961 
  -15.86619  0.27893  3.73399     13.60636  2.09759  1.14831  11.96873  0.29274     0.01097  6110.55674   8608.00558  0.00232         5843.36365     19.99935  0.05547  60308.22338  2.66586   3.3384  16640412.04266  44.22506  16.93581  60407.38877    51.05995       43.95527   89.18952  94.81046   79.5    0.05238  -21.12337  0.82205 
  -17.64683  0.31628  2.97357       13.846  1.54966  0.31706  10.03289  0.31847     0.01022  5543.86821   8883.37702  0.05611         5917.90369     17.88796  0.00043  60306.44275  1.83941  3.17323   2585889.82077  45.09992  16.91009  60413.33685    51.05509       43.95871   89.18952  92.74936   81.5    0.05984  -21.03045  0.82651 
  -18.17801  0.18352  3.34337     13.77207  1.81755  0.49702  11.14501  0.31941     0.01003  5596.12832   8740.73736  0.72878         2937.20772     16.81246    4e-05  60305.91157  2.08201  2.04528   5389170.61552  44.74844   16.9649  60407.74077    51.06333       43.95373   91.25061   96.2138   89.0    0.04354  -20.97661  0.88194 
  -16.13088  0.16317  3.13935     13.54394  1.50357  0.79719   9.37377  0.23712     0.01221  5043.14452   8264.73182  0.31939         2629.06993     16.17555    1e-05   60307.9587  1.42215  1.52951   11239183.4338  44.40155  16.89625  60419.03227    51.08983       44.00034   84.50498  91.41738   76.0    0.05059  -20.97382  0.89743 
  -18.62742  0.46032  4.16975     14.22223  1.94369  0.21374  10.59081  0.22785     0.01143  4963.32909   9038.17825  0.53208         2210.90752     18.81949  0.00367  60305.46215  1.55633  4.87513   1127715.52636  45.26505  16.95768  60407.74077    51.08931        43.9874   91.25061  94.37103   83.0    0.05272  -20.95043  0.68698 
  -17.86406  0.46878  3.12646     14.00899  1.51893   0.2217   9.85659  0.33455     0.01068  5488.35226   8720.33689  0.12677         4250.10221     17.00331    6e-05  60306.22551  1.77108  4.62054   1322773.69378  45.33879  16.94537  60407.74077    51.08191       43.97957   91.25061  94.35851   81.0    0.05033  -21.01224  0.74114 
  -14.33582  0.48525  2.78425     13.32278  1.34055  0.88506   9.41342  0.30461     0.01084   5791.9593   8284.97678  2.56457         2179.68171     16.81668    4e-05  60309.75375  1.88376  4.56789  21825286.52079  44.16775  16.96652  60407.38877     51.0656        43.9589   90.36414  94.68264   74.0    0.05674  -21.03101   0.7438 
  -15.75482  0.34139  3.14909     13.68082  1.70859  0.47539   9.96025  0.33869     0.01131  5826.42495   8668.26057  1.67289         2646.77811     19.54091   0.0193  60308.33475  2.01698  3.40033   6842081.13977  44.66993  16.90127  60418.25355    51.09117       44.00425   85.05179  90.28497   88.0    0.03893   -21.0121  0.81399 
  -15.06726  0.32651  3.03872     14.02272  1.41275  0.19474   8.03801   0.3346     0.02015  6070.73389   8590.50458  0.01358         3634.38331     17.78414  0.00034  60309.02232  1.76709  2.62447   1090975.01037  45.41572   16.9284  60412.21747    51.07496       43.96932   89.18952  94.81046   84.5    0.05204  -21.01402  0.82652 
  -18.29182  0.01345  3.35074     13.57803  2.06172  1.56311  10.17756  0.33511     0.01346  5538.49181    9284.7476  0.50147         2350.79549     20.48198  0.16854  60305.79775  1.86232  0.13685  15006206.51285  44.35652  16.90498  60413.33685    51.08384       43.99049   87.27672  92.60106   84.0    0.06115  -21.15355    0.993 
  -17.13268  0.32323   3.8045     13.61715  1.79463   1.1668  12.33119  0.14789     0.01047  4559.88837   9416.57273  0.10708         2675.92303     20.12053  0.07333   60306.9569  1.52947  3.98582  14063576.77145  44.21413    16.902  60407.74077    51.06713       43.97632   88.30138  90.68827   74.0    0.04439  -21.02511  0.75344 
  -16.00345  0.22401  2.76744     13.36712  1.44552  0.96971   9.51044  0.32179     0.01216  5747.53475   9214.14657  0.14083         3205.91607     17.41892  0.00015  60308.08612  1.87409  2.13044  18956363.20496  44.26696  16.90698  60413.33685    51.06275       43.96543   89.18952  92.74936   86.0    0.04494  -20.99997  0.88046 
  -15.50219  0.31357  3.04004     13.43989  1.48148  0.82399   9.94222  0.29203     0.01023  5438.51066   8654.65262  1.27723         3491.37788     18.38756  0.00136  60308.58738  1.75417  3.11755  16768413.90592  44.24929  16.90445  60407.38877    51.07524       43.97461   90.03836  92.83281   81.5    0.04553  -21.01214  0.80892 
  -17.04705  0.46127  3.80328     13.95771   1.7625  0.34152  11.04432   0.2722     0.01232  5674.83278   8809.57305  1.63929         2079.07651     16.09649    1e-05  60307.04252  2.12164  5.09436   2876294.92127  44.89583  16.92349  60418.25355    51.07224       43.98263   86.92034  91.41738   86.5    0.05914  -20.99876   0.6865 
   -16.3988  0.37432  3.32367     13.40077  1.67755  1.51787   9.31288  0.27534     0.01037  5184.35073   8544.11345  0.50464         2974.75187     19.12046  0.00733  60307.69077  1.49314  3.48601  27175993.11655   44.0161  16.95828  60418.25355    51.03874        43.9503    85.4259  90.53996   76.0    0.05447    -21.005  0.79452 
  -19.45337  0.39678   3.5589     13.70551  1.90908  0.62662   8.66076  0.29803     0.01007  4921.26753   8577.30057  0.02517         2987.34672     19.09144  0.00686  60304.63621  1.25123   3.4364   8714569.89331  44.50679  16.93143  60405.50242    51.06972       43.96681   90.68827  94.67881   74.0    0.04924  -20.97776  0.80616 
  -14.66113   0.4258  2.98773     13.27634  1.54471  1.47696   9.05955   0.3006     0.01345  5940.38468   8920.26957  0.03388         2755.71933     19.39653  0.01384  60309.42845  1.90705  3.85754  35863734.22709  43.95236  16.91989  60419.31528    51.07909       43.98683   87.27672  91.02477   84.0    0.06081  -21.03375  0.78465 
  -14.25426  0.37767  3.19306     13.37978   1.5069  1.22313   7.30842  0.27785     0.01525    5213.403    8501.5416  1.69701         2227.06113      16.0137    1e-05  60309.83531  1.18493  2.76015  24817742.61545  44.04375  16.90405  60409.97912    51.09742       44.00598   88.62717   91.1396   74.0    0.06079  -20.99126  0.81895 
  -14.03987   0.4107  2.92675     13.36677  1.56687  0.86882   9.55195  0.28081     0.01051  5882.06712   8520.63821  1.00642         2339.01056     17.04132    6e-05  60310.04971  1.97142  3.92294   23018437.9741  44.16903  16.93404  60421.38245    51.07499       43.98347   87.27672  91.02477   77.0    0.05849  -21.04164  0.78879 
  -17.25664  0.08317  3.04851     13.46678  1.67973  1.00154   9.94181  0.30287     0.01141  5569.65375   8860.45571  0.53114         2264.67831     18.29666   0.0011  60306.83294  1.83971  0.82683   16891874.1446  44.29823  16.91518  60409.97912    51.07097       43.97189   89.18952  92.74936   81.0    0.05608  -21.02149  0.95206 
  -14.98937  0.40365  3.24698     13.38844  1.78115  1.28967  10.41833  0.32034     0.01028  6047.94427   8453.12702  0.07724         3497.83173     18.39791  0.00139  60309.10021  2.27322  4.20534  29147654.31825  44.03198  16.92445  60414.45583    51.10264       43.99792   90.68827  94.56979   80.5    0.05808  -21.05041  0.78031 
   -15.8186  0.48946  3.54271     14.24793  1.82591  0.15843   9.25224  0.28474     0.01036  5140.63077   8921.80818  0.70014         2621.72659     19.15965  0.00802  60308.27097   1.4585  4.52862    679357.40852  45.59956  16.94137  60414.45583    51.04893        43.9542   88.62717  92.74936   78.0    0.05555  -21.02281  0.74692 
  -17.45159  0.02147  3.07578     13.44952  1.63102  1.32607   8.90061  0.28927     0.01513  5268.35446   9217.01127  0.08026         3808.27429     19.57048  0.02066  60306.63798  1.47366  0.19105  18077917.93008  44.24825  16.90563  60412.21747    51.10644       44.00621   88.77547  92.60106   80.0    0.06966  -21.04385  0.98816 
