 texplosion  fnickel     Pspin  log(Bfield)      Mns  thetaPB   mejecta    kappa  kappagamma     vejecta  temperature    alpha  cutoff_wavelength  log(nhhost)      A_V         MJD0  kenergy  mnickel            TSD   log(L0)  Peak_mag     Peak_MJD  log(E_rad)  log(Peak_lum)  Rise_Time    E_fold  tau_1  delta_m15     r_peak     frac 
   -5.89683  0.19307   9.11682     14.75831  1.58708  0.61588   7.71656  0.07511     0.04415  4234.27649   8940.50004  0.43011         5539.44628     21.12214  0.73598  60449.51924  0.82529  1.48982   372808.39553  44.97827  17.13474  60505.31478    50.46801        43.5288   36.23618  66.72765   67.0    0.13552  -19.71247  0.57173 
   -4.46266  0.26791   2.61874     14.79616  1.90338  1.33558   10.5722  0.06288     0.04062  5065.56859   9707.30329  0.08337         5028.97663     21.30502  1.12138   60450.9534  1.61826  2.83244    30988.07185  47.22099  17.13758  60507.54352    50.69689       43.81402   25.74096  57.91716   62.5    0.12849  -20.06243  0.94635 
   -7.05669     0.24    8.9556     14.55083  1.97515  1.39058   9.17722  0.05645     0.03984  4679.13147   9633.76072  0.11961         2074.28607     21.25022  0.98844  60448.35938  1.19859  2.20256  1163995.66794   44.5943  17.12941  60506.24241    50.84162       44.00167   23.59588  50.23506   62.5    0.12814   -19.9349  0.56458 
   -4.49168  0.21618   3.46839     14.73285   1.6792  0.83203  13.73629  0.04349     0.02971  4930.13658   9977.46869  0.06233         2011.35179     21.30998  1.13425  60450.92439  1.99166  2.96956    64190.67435  46.60622  17.12903  60507.54352     50.7071       43.82951   30.45816  55.34504   61.0    0.12671  -20.08734  0.84436 
   -6.40895  0.14642  12.31716     14.77206  2.01742  0.64598   8.90928  0.05731     0.04479  5042.71325   7974.85556  0.08172         2132.78605      21.1052  0.70783  60449.00711  1.35145  1.30448   811923.69628  44.48311  17.14399  60506.24241    50.64952        43.7509   24.59812  61.20507   68.0    0.16189   -19.6909  0.54202 
   -6.86015  0.10753  13.94763     14.86176  1.89722  0.46844    6.9842  0.07122     0.05073  4355.22974   7509.86869  0.25657         5514.16064     20.83865  0.38316  60448.55591  0.79025  0.75104   647763.24706  44.44655  17.15632  60506.24241    50.74242       43.87618    21.4508  55.02458   68.5    0.16176  -19.38508   0.5921 
   -5.09076  0.42272   4.05921      14.7744  1.68235  0.76905   5.60019  0.09398     0.05739  4610.82646   9373.78936  0.05306         2989.72858      21.2604  1.01187   60450.3253  0.71021  2.36733    72746.09881  46.41607  17.12751  60507.54352    50.76126       43.88769    26.4534  55.05964   65.5    0.14404  -19.91562  0.82931 
   -5.12318  0.23356   4.57725     14.84218  1.68509  0.52366  11.71829   0.0443     0.03375  4719.80646   9882.57974  0.02954         4966.69454     21.30174  1.11292  60450.29288  1.55718  2.73688    67808.95798  46.34297   17.1546  60506.24241    50.72363       43.84962   28.59848  55.05964   62.5    0.13741  -20.05499  0.76278 
   -6.66209  0.27482   5.28984     14.43093  1.61405  1.31919   8.46052  0.05866     0.04319  4322.36909    9548.0138  0.18063         3078.22178     21.30654   1.1253  60448.75398  0.94291  2.32512   576454.22075  45.26911  17.08969  60505.31478    50.81533       43.98498   23.63905  48.04681   64.5    0.13473  -20.00627  0.72383 
   -4.76619  0.18991   3.05847     14.65923  1.75032  1.46365  16.08261  0.03836     0.01984  4696.18844    9947.4305  0.22336         2796.40034     21.31839  1.15643  60450.64988   2.1158  3.05418     73027.2227  46.67747  17.14911  60506.24241    50.76255       43.89999   22.68092  53.79446   65.5    0.11616  -20.06014  0.88648 
   -4.78138  0.38015   3.37875     14.93824   2.0437    0.646   7.79052   0.0788     0.04772  4763.45604   9898.97372  0.09861         2515.52764     21.32343  1.16992  60450.63469  1.05448  2.96153    28790.94632   47.0625  17.14553  60507.54352    50.78061       43.90504   27.88604  55.77208   63.0    0.13052  -20.10243   0.8896 
   -5.84824  0.26865   6.39325      14.5066  1.61859  1.50598   7.05815  0.07649     0.06202  4731.87654   8905.94014  0.09486         2130.69398     21.21293   0.9071  60449.56783  0.94272  1.89614   595944.32113  45.09133  17.16648  60504.30545    50.62235       43.76023   28.67348  52.83956   63.5    0.14551  -19.86153  0.68848 
   -5.55201  0.24123    5.5199     14.56034  1.59059  0.95134  10.38546   0.0512     0.03283  4559.64698   9761.13148  0.15397         3989.03475      21.2908  1.08524  60449.86406    1.288  2.50533   340837.94029  45.45399  17.18549  60503.08604    50.50478       43.61176   30.59363  59.49972   63.5    0.12967  -20.01439  0.68651 
   -4.77251  0.29915   3.12093     14.85297  1.64344   0.5302   9.89431  0.06711      0.0378  5067.04181   9823.88926  0.18765         2631.07956     21.33451  1.20017  60450.64356  1.51538  2.95984    29255.28417  47.02983    17.188  60503.08604    50.10962       43.13476   42.90494  77.24262   59.5     0.1338  -20.16505  0.86736 
   -5.40384  0.30964   3.77692      14.6205  1.66784  0.99098   8.89707   0.0606       0.037   4520.5626   9880.20971  0.06422         4733.81372     21.30091  1.11081  60450.01223  1.08457  2.75485   126835.18086  46.23348  17.16454  60504.28384    50.11107       43.12732   44.04066  78.22889   64.0    0.13566  -20.05624  0.82457 
   -6.29325  0.22766   5.08552     14.88693  1.34115  0.30664  11.64159  0.03999     0.02868  4657.24686   9756.76996    4e-05         2527.23076     21.28444  1.06947  60449.12282  1.50625  2.65033    54213.27142  46.24955  17.13865  60504.30545    50.72744       43.87546   22.68092  51.88345   66.5    0.13593  -19.98995   0.6536 
   -5.27981  0.19737   4.70924     15.01386  1.80375  0.42809  13.94672  0.03762     0.02739  4866.00728   9919.58432  0.00232         3121.28473     21.28799  1.07824  60450.13625   1.9699  2.75272    34848.16447  46.63694  17.16508  60505.34424    50.84508       44.02197   19.30572  48.90884   63.0    0.13696  -20.02555  0.77153 
   -4.55772  0.22718   2.28676     14.74847  1.78947   0.9446  12.78842  0.04587     0.02979    4710.957   9849.99323  0.03587         5580.52768     21.32449   1.1728  60450.85835  1.69302  2.90523    27672.77406  47.36108  17.13628  60509.28744    50.75713       43.85344   28.67348  61.41988   62.5    0.13711  -20.09942  0.94837 
   -5.55831  0.13299   7.60014      14.7922  1.67859  0.58367  11.92393  0.03725     0.02595   4142.2331   8620.23739   0.1459         5443.98298     21.15604  0.79573  60449.85776  1.22044  1.58573   234421.78577  45.36215  17.13516  60506.24241    50.78154       43.92704   27.88604  51.48192   70.5    0.15165  -19.71629  0.66325 
   -3.62784  0.22952   2.90055     14.98366  1.57605  0.40868  11.29999  0.04644     0.03265  4835.27585    9317.3242  0.17409         2619.30667     21.29203  1.08833  60451.78823  1.57597  2.59352    13274.80823  47.41843  17.14452  60506.24241      50.795       43.94896     24.826  50.92823   66.0    0.14161  -20.02109  0.89566 
   -3.92071  0.24894   1.85722      14.8485  1.77084  0.79294  10.66089  0.05099     0.02901  4382.61275   9748.17901  0.19871         4110.88505     21.29645  1.09946  60451.49535  1.22148  2.65388     11395.3054  47.92257  17.12931  60505.34424     50.8626       44.03756    21.4508  47.19176   65.0    0.13999  -20.02762  0.97771 
    -4.6491  0.18044   1.66575     14.96958  1.93184  0.68021  15.38256  0.03914     0.02332  4688.26919   9675.84691  0.05143         3016.72119     21.30015  1.10887  60450.76697  2.01688  2.77562     5725.89943  48.35375  17.13947  60505.31478    50.79271       43.95563    21.4508  49.33684   64.0    0.13831  -20.01645  0.98782 
   -7.30415  0.08137  13.94347     14.51306   1.6482  1.03913   7.22777  0.09417     0.05224  4799.40735   6559.45286  0.14554         4407.66042     20.45315  0.15772  60448.11192  0.99313  0.58814  2801817.02656  43.74967  17.14969  60506.24241    50.67723        43.7932   30.03112  56.29063   69.0    0.15343  -19.18218  0.59962 
   -5.96836  0.08809  12.04849     14.80675  1.74226   0.6634   9.11223  0.07741     0.04943  4534.14044   7374.20877  0.27482         5496.24042     20.78482  0.33849  60449.44771  1.11749  0.80268   571873.35084  44.59079  17.15051  60507.54352    50.87209       44.04036   18.79003  49.85252   65.5    0.15394  -19.34937  0.61909 
   -3.74115  0.14379    1.2536     14.73004  1.54184  0.96314  18.93996  0.03054     0.02131  4629.47184   9885.63038  0.06401         4391.83922     21.29061  1.08477  60451.67491  2.42141  2.72346     7799.91314  48.36848  17.09133  60506.24241    50.81133       43.95774   22.68092  52.79096   63.5    0.13715  -19.97625  0.99289 
   -6.71868  0.13751   7.46695     14.63316  1.88228  0.93259   16.8434  0.02974      0.0247  4671.06338    9392.3456   0.0447         3624.09227     21.28065  1.06018  60448.69738  2.19224  2.31621   527793.28655  45.07478  17.14715  60506.24241    50.84922       43.99774   20.73698  51.91895   66.5    0.13555  -19.97476  0.62365 
   -4.24041  0.43688    1.8172     14.72823   1.7183   1.1888   6.43906  0.09516     0.05644   4858.5204   9787.39736  0.01892         5313.98378     21.29512   1.0961  60451.17566  0.90669  2.81308    18419.04955  47.71987  17.14426  60504.30545    50.77578       43.92583   19.30572  51.48192   64.0    0.13286  -20.02853  0.97742 
   -5.40913  0.26885   4.61107      14.7174  1.88111  0.72108  10.55935  0.04937     0.03815   4848.8169   9772.81219  0.00828         5810.35394     21.35013  1.24411  60450.00694  1.48094  2.83892   136467.28214  46.08063  17.12238  60505.31478    50.82094       43.98791   23.63905  48.04681   61.0    0.14565  -20.17988  0.78191 
   -5.43801  0.24832   4.50767     14.63054  1.96949  1.45701  10.59666  0.05465     0.04003  4755.84463   9439.16916  0.14976         2160.51134     21.32009  1.16096  60449.97806  1.42972  2.63139   203704.39932  45.94629  17.10151  60506.24241    50.64524       43.74875   32.53373  58.50421   64.0     0.1351  -20.08563  0.81436 
   -6.02623  0.20326   3.53759     14.61677  1.92599  1.46183  12.50868  0.04036     0.03377   4202.1569   9708.12566  0.01879           5616.043     21.30802  1.12914  60449.38984   1.3176  2.54252   130722.56033  46.33973  17.15615  60504.28384    50.82784       44.00993   20.73698  46.15787   64.0    0.13471  -19.99477  0.88001 
   -3.96196  0.25189   2.49307     14.66963  1.74399  1.50277  11.47238  0.05806     0.03519   5158.3224   9765.01742  0.00634         2576.22577     21.30911  1.13197   60451.4541  1.82095  2.88979    46085.16045  47.05336  17.10285  60507.54352    50.70784       43.79943   25.74096  63.15189   60.0    0.13354  -20.11687  0.93515 
   -4.82175  0.25605   3.00002     14.62051  1.54336  1.21148   7.56437  0.07512     0.04895  4597.03505   8557.04593  0.02077         5553.22899     21.21383  0.90899  60450.59432  0.95358  1.93686    74048.46518  46.63355  17.15467  60504.30545    50.79982       43.97933   19.30572  48.90884   65.0    0.15486  -19.85841  0.91247 
   -6.94778  0.20139   8.07015     14.53759  1.50433  0.73646   9.27948  0.05255     0.03997   4608.7575   9103.11002  0.07196         5417.71988     21.22046  0.92297  60448.46828  1.17576  1.86882   765151.49934  44.74868  17.14189  60503.08604    50.51717       43.63825    32.1762  55.77208   66.5    0.13669  -19.85993   0.5551 
   -3.76832  0.41556   3.03767     14.52249  1.41583   1.5288   5.44546   0.0983     0.05799  4588.13615   9254.96198  0.11271         4552.14186     21.24826  0.98397  60451.64775  0.68381  2.26291   109375.65239  46.41586  17.09863  60507.54352    50.76171       43.86817   30.03112   58.2088   66.0    0.14607  -19.92805  0.88014 
    -6.5862  0.37592   6.25359     14.22741  1.25444  1.31855   5.79041  0.07665     0.06592  4614.04837   9452.28976  0.24576         2402.90232     21.26874   1.0315  60448.82987  0.73536  2.17672  1598447.49628  44.57134  17.13345  60506.24241    50.78683       43.94098   22.68092  50.92823   66.5    0.13917  -19.95973  0.57626 
   -4.65973  0.27001   1.20497     14.80482  1.13545  0.47724   11.9204  0.05574     0.03028  5174.73783   9980.15102  0.04201         2990.04299     21.31603  1.15017  60450.75634  1.90412  3.21861     3760.85336  48.58677  17.11557  60504.30545    50.66107       43.79441   24.59812  53.79611   62.5     0.1373  -20.09565  0.98443 
   -6.03394  0.40413   4.25695      15.0284   1.4254  0.23857   6.06946   0.0827     0.07499  4681.21378   9566.38126  0.00557          5065.7873     21.30117  1.11147  60449.38213   0.7934  2.45283    21045.07625  46.84144  17.11053  60506.24241    50.66487       43.77657   28.44855  57.35464   64.0     0.1453  -20.02234  0.76237 
   -5.51912   0.4239   3.43111     15.12224  1.67808  0.28206   7.36638  0.08144     0.04482  4761.69834   9935.59928  0.00424         5822.96322     21.32866   1.1841  60449.89694  0.99633  3.12259    10447.80138  47.40376  17.18582  60505.31478    50.71323       43.83593   25.74096  55.77208   64.0    0.11882   -20.1156  0.83837 
   -4.85346  0.44041    3.6967     15.09735   1.7939  0.34321   6.11431  0.09549     0.06276  4798.82087    9707.3328  0.00899         4926.07113     21.29291  1.09053  60450.56261  0.83993   2.6928     14539.2238  47.22447  17.13698  60506.24241    50.79768       43.94088   20.71669  52.89246   62.0    0.14148   -20.0539  0.85154 
   -6.79237  0.14731   5.87307     14.57283  1.69557  0.97108  16.31159  0.03525     0.02542  4718.13531   9367.22483  0.04237         4631.68852     21.30011  1.10876   60448.6237  2.16603  2.40281   388324.88659  45.37124  17.13043  60505.31478     50.7271       43.87648   23.63905  51.43875   63.5    0.13062  -20.02188   0.6891 
   -4.94523  0.28094   4.28229     14.64309  1.87138  1.48117   9.34203  0.06457     0.03772  4660.90236   9704.33947  0.17061          3823.2212     21.29455  1.09466  60450.47083  1.21062  2.62453   164870.87207  46.06051  17.13853  60506.24241    50.76003       43.90736   24.59812  51.87726   63.5    0.13224  -20.04949  0.82045 
    -8.2547  0.05917  14.61718     14.48772  1.65407  0.90463   6.27877  0.08895     0.06217  4519.21442   6337.72674  0.08201         3549.02956     16.46956    2e-05  60447.16136  0.76494   0.3715  3472592.33547  43.61702  17.18607  60505.34424     50.5998       43.70436    32.1762  58.86173   70.0    0.16579  -19.00389  0.68137 
   -6.06859  0.05395  14.19895     14.40815  1.50344  1.20322   9.69608  0.05825      0.0416  4730.15037   6545.16842  0.27771          5088.3929     20.14787  0.07809  60449.34748  1.29412  0.52308  4296588.75263   43.5083   17.1249  60507.54352    50.84484       43.99278    18.8524  53.80354   70.5    0.16632  -19.12452  0.58411 
   -3.90432  0.20149   1.30779     14.55027  1.36068  1.13604  15.06667  0.04059     0.02553  4841.77624   9837.57127  0.10864         2881.40853     21.33344  1.19719  60451.51174  2.10695  3.03578    17143.55134  47.93542  17.12335  60505.34424    50.75005       43.88481   24.59812  53.79611   62.0    0.12678  -20.16322  0.98384 
   -4.78518  0.34572   2.32484     14.70355  1.89736  1.46473   8.58425  0.06836     0.04451  4768.89765    9976.1751  0.08815         2101.44592     21.31783  1.15493  60450.63089  1.16457  2.96779    37295.50927  47.24255  17.12422  60506.24241    50.79538       43.92033   25.74096  54.79836   61.5    0.13435  -20.11747  0.95182 
    -7.2404  0.32599   7.80126      14.8845   1.7658  0.34711   7.49912  0.05914     0.04601  4641.86399   9824.00613  0.05849         2356.40845     21.29185  1.08786  60448.17567  0.96388  2.44464   169858.98383  45.50137  17.12036  60507.54352    50.77309       43.90995   23.63905  53.58383   63.5    0.13129  -20.02104  0.56505 
   -5.80271  0.40558   4.14471     14.38412  1.36592  1.08508   6.79816  0.07161     0.05732  4648.30638   9813.71307   0.0239         2644.28459     21.32834  1.18323  60449.61335  0.87621  2.75722   371520.66089   45.5993  17.10277  60506.24241     50.6726       43.77467   27.88604  60.06224   64.5    0.13682  -20.09911  0.73783 
   -4.28613  0.21207   0.74113     14.79814  1.77772  1.50622  13.20461  0.04765     0.02797  4739.10759   9686.33478  0.06588         4483.18253     21.29383  1.09284  60451.12994  1.76907  2.80037      2297.1595  49.41773   17.1056  60505.34424    50.76915       43.90281   30.03112    53.627   37.0    0.13692  -21.06375  0.99953 
   -6.46068  0.30116   5.79143        14.67  1.69421  0.71461   8.55698  0.06022     0.03794  4507.21849   9810.60722  0.03142         5200.12294     21.30122  1.11159  60448.95539  1.03697    2.577   241182.71422  45.58989  17.18287  60506.24241    50.65616       43.75917    32.1762  58.95152   63.0    0.12641  -20.01269  0.67981 
    -5.6833  0.21263   4.62072     14.66282  1.67442  0.76026  11.60325  0.04538     0.03164  4520.12571   9690.85157  0.02622         2738.04814     21.29711  1.10113  60449.73277  1.41419  2.46714   156839.34016  45.96784  17.09859  60504.28384    50.71907       43.85377   27.88604    53.627   62.0    0.13477   -20.0135   0.7753 
   -4.52039  0.29862   1.93061      14.6684  1.33148  0.80613    7.8179  0.07655     0.04299  4484.82841   9094.59718  0.10483         2645.36788     21.25164  0.99166  60450.89567  0.93801  2.33459    21219.31905  47.49506  17.13774  60504.30545    50.77519       43.92844   23.59588  50.01327   68.5    0.13785  -19.89653  0.95753 
   -4.08856  0.31315   4.17554     15.01439  1.75156  0.46512   6.90984  0.09325     0.05437  4935.67782   8727.26148   0.1537         2696.81946      21.2464  0.97978   60451.3275  1.00413  2.16384    26539.55107  46.84695  17.16974  60505.34424    50.70728       43.83741   23.63905  54.75519   66.5    0.14115  -19.91897   0.8435 
   -5.88124  0.43703   5.27609     14.56954  1.44569  1.09964    5.1444   0.1059     0.06973  4641.00014   9205.55363  0.08072         3368.40954     21.23158  0.94691  60449.53483  0.66098  2.24826    271285.8003  45.55087  17.14036  60506.24241    50.84184       44.01133   17.16064  50.41199   68.5    0.13677  -19.84497  0.69987 
   -5.28048   0.1151   3.54689      14.8316  2.09101  0.88045  23.12999  0.02644     0.01638  4730.24184   9449.26794  0.01084         3206.97854     21.30423  1.11932  60450.13559  3.08723  2.66233    53048.38025  46.76483  17.10554  60509.28744    50.71577       43.81254   30.51268  60.61504   64.0    0.14053  -20.06898  0.89166 
   -4.74745  0.43607   1.60964     14.84637  1.56129  0.54979   6.71561  0.08603     0.05119  4641.36009   9803.90239   0.0091          2193.4967     21.31309   1.1424  60450.66861  0.86298  2.92845     7621.16021  48.16685  17.13352  60505.31478    50.79895       43.95074   20.71669  50.96917   64.0    0.13124  -20.08484  0.97521 
   -6.78249  0.04538  15.13196     14.59596  1.63407  0.62768   7.82152  0.06341     0.04744  4390.77507   6427.51937  0.44465         5029.83338     16.13917    1e-05  60448.63358   0.8995  0.35495  2233385.76636  43.77336  17.12941  60506.24241    50.82163       43.97774    21.4508  51.20514   71.5    0.17229  -19.01888  0.67087 
   -7.00646  0.36082   7.97766     14.39971  1.62931  1.54678   5.59485  0.10069     0.07619  4833.82469   9216.99672  0.09484         3842.12331     21.25187  0.99221  60448.40961  0.77982  2.01871  1528124.27005  44.49294  17.13827  60506.24241    50.67824       43.77608   34.32462  60.76846   63.0    0.13431  -19.95148  0.57144 
   -6.08398   0.1512   9.82785     15.08631  1.91103  0.26825   9.56449   0.0556     0.04258  4551.41679    8836.7617  0.43382         2417.35939     21.15211  0.78857  60449.33209   1.1819  1.44614   115179.45327  45.50382  17.11504  60506.24241    50.80387       43.95467   22.68092  51.88345   61.5    0.14205  -19.75679  0.60858 
   -5.73166  0.30712   7.90176      14.6687  1.86678  0.68751   7.09717  0.07025     0.05134   4671.1882   9825.92285  0.24212         4472.11364     21.28677  1.07522  60449.68441  0.92378  2.17967   497680.82418  45.04754  17.15086  60506.24241    50.75593       43.88049   25.74096  55.77208   61.0    0.14253  -20.05974   0.6073 
   -4.20718  0.38152   3.40789      14.9628  1.68778   0.4778    6.0467   0.0886     0.06254  4648.78024   9162.81725  0.02535         2384.65094     21.25047  0.98899  60451.20888  0.77951  2.30692    21602.85829  47.09668  17.13175  60506.24241    50.77956       43.91447    21.4508  55.02458   65.5    0.15085  -19.92556  0.88134 
   -4.63058  0.38412   2.25953     14.99368  1.89396  0.62267   7.38954  0.08934     0.05688  4991.41442   9863.95926  0.01014         3962.24109     21.29264  1.08985  60450.78548  1.09823  2.83843     9244.16876  47.87231  17.15552  60505.31478    50.78374       43.94637   22.68092  49.00494   59.5    0.13087  -20.04827  0.96335 
   -4.69857    0.325   2.63125     15.08919  1.31354  0.18936    8.9449  0.05048     0.03419  4539.63993   9860.67244  0.01502         4072.95273      21.3244  1.17253   60450.7175  1.09963  2.90712     5600.28129  47.79876  17.15962  60504.28384    50.71025       43.86034   28.59848  50.02198   66.0    0.14708  -20.09658  0.86734 
    -4.8111   0.3591   5.86508       14.659  1.95723  1.31355   7.74987  0.07151     0.04934  4861.06286    9890.4114  0.31362         2003.84891     21.30021  1.10902  60450.60497  1.09241  2.78298   300613.32194  45.54593  17.11676  60507.54352     50.7429       43.84859   30.59363   60.4443   63.0    0.13472  -20.05267  0.70561 
   -5.40405  0.24639     6.954     15.00803  1.55178  0.32829   7.83169  0.07512     0.05736  4976.80601   8929.04663  0.01227         4347.58445     21.20626  0.89327  60450.01202  1.15714  1.92962    67149.87205  45.94816  17.12916  60507.54352    50.70406       43.81957   25.74096  57.91716   62.5    0.14372  -19.83918  0.63264 
   -4.32577  0.16149   2.20378     14.86703  1.68678  0.56693  17.07404  0.03059     0.01936  4523.27324     9577.541  0.06479         2840.42844     21.31604  1.15019   60451.0903  2.08386  2.75733     14033.1425  47.66242  17.12189  60504.28384    50.59014       43.70371   30.03112  56.06372   66.0    0.14176  -20.06945  0.94777 
   -7.83655  0.27331   8.86913      14.3764  1.68669  1.14714   5.19966  0.11548     0.08737  4836.15506   8975.81308  0.46395           2206.282     21.20665  0.89409  60447.57952  0.72544   1.4211   2176806.5949   44.2623  17.17028  60504.30545    50.68607       43.83461   22.68092  50.92823   58.5     0.1335  -19.86194  0.61533 
   -5.59376  0.37138   4.67513     14.84867  1.60202  0.51344   6.59142  0.08644      0.0552  4654.30278   9532.76904  0.04772         2956.68982     21.26881  1.03166  60449.82231  0.85176  2.44792    65272.50279  46.31919  17.13769  60507.54352    50.71518       43.82575    32.1762  57.91716   63.5    0.13449  -19.95647  0.76174 
   -3.99523  0.36553   2.34519     14.52062   1.3014  1.01868   8.02707  0.07462     0.04823  4827.52646    9941.9043    0.374         2018.03669     21.31197  1.13945  60451.42084  1.11592   2.9341     60441.5976  46.86156  17.16026  60505.31478    50.49867       43.58113   34.43159    62.097   61.5     0.1319  -20.08198  0.89923 
   -4.07368  0.17189   1.67171     15.09932  1.58622  0.36653  15.63941  0.03609     0.02211  4648.74461   9460.90149   0.0405         3153.21972     21.28887  1.08042  60451.34239  2.01613  2.68832     2605.33535  48.60702  17.12619  60505.34424    50.85497       44.02189   20.71669  49.00102   68.5     0.1391  -19.97733  0.98075 
    -5.1008  0.22003   3.83325      15.0531  1.62428  0.29518  12.33916  0.04995     0.03017   4728.9525    9750.0417  0.03221         4216.25631     21.31538  1.14845  60450.31526  1.64605  2.71494    17354.58283  47.07296  17.12863  60506.24241    50.76583       43.89887   23.63905  53.58383   60.5    0.12827  -20.08237  0.81562 
   -6.24941   0.1943   4.46307       14.803   1.7907  0.73667  15.32921  0.03711     0.02222  4644.13527   9991.91612  0.06299         2974.57663     21.30788  1.12878  60449.16665  1.97223  2.97854    82055.14994   46.3085  17.14636  60506.24241    50.81053       43.95741    21.4508  52.15835   66.0    0.11955  -20.02217  0.77559 
   -5.07637  0.26648   2.88278     14.80289  1.78289  0.81909   9.89652  0.06617     0.04172  4871.21891   9432.36405  0.02602         2026.64839     21.29578  1.09775   60450.3397  1.40083  2.63718     34102.6622  47.06756  17.13406  60506.24241     50.7542       43.88498   23.59588  54.79836   64.0    0.13154  -20.03608  0.91561 
   -6.64279   0.0399  14.31018     14.43195  1.59704  0.93507   8.33362  0.06956     0.03488  4520.47716   6306.29157  0.46256         4782.28139     16.09114    1e-05  60448.77327  1.01585  0.33251  4154539.08022  43.54235  17.15153  60506.24241    50.74917       43.88271   22.68092  54.54196   69.5    0.16675  -19.03591  0.70175 
   -6.52757   0.2944   3.92053     14.82806   1.5043  0.43856   9.89991  0.05438     0.03084  4485.10706   9727.36651  0.00709         5033.22376     21.31931  1.15888  60448.88849  1.18797   2.9145    47393.22821  46.58377   17.1664  60504.30545    50.66826       43.81379   22.68092  52.39688   68.0    0.11766   -20.0408  0.77684 
   -5.00307   0.3768   0.76629     14.86836  1.74246  1.23014   6.54973  0.10804     0.06075  4837.39524   9178.86021  0.00788         3344.98352     21.25307  0.99493  60450.41299  0.91427  2.46794     1741.98214  49.50018  17.18032  60506.24241     50.6967        43.8076   19.30572  60.06224   69.5    0.12507  -19.87263  0.99962 
   -4.73996  0.15528   3.12553      14.7031  1.47836  0.82795  13.47918  0.04172     0.02678  4500.44154    8984.3032  0.10822         2509.59439     21.21494  0.91132  60450.67611  1.62855  2.09303    52630.36823  46.72754   17.1694  60507.54352    50.79301       43.92746   25.78413  54.75519   67.0     0.1394  -19.83198  0.89058 
   -4.85672  0.15113   2.46257     14.81503  2.00611  1.12977  19.29831  0.03034     0.02079  4886.92042   9677.59793  0.00525         3457.87217      21.3105  1.13561  60450.55935  2.74927  2.91658    26477.86505  47.36554  17.16316  60504.30545    50.78302       43.94992   20.71669  49.06422   63.5      0.145  -20.08426  0.95412 
   -5.92938  0.38785     3.097     14.46581    1.347  1.00689    6.9235  0.07826     0.05147  4483.88196   9815.33684   0.0201         5627.66765     21.30636  1.12484  60449.48668  0.83035  2.68525   140427.41002  46.26888  17.14395  60505.34424    50.79805       43.95748   19.30572  51.42188   64.0    0.13378  -20.03937  0.83906 
   -5.28037  0.28828   3.07832     14.68052  1.80379  0.95371  10.83097  0.04785     0.03364  4652.82908   9935.22724  0.00165         2801.68083     21.33668  1.20617   60450.1357  1.39871   3.1223    69118.12749  46.70881  17.15467  60505.31478    50.18172       43.21779   40.75652  72.93272   64.5    0.14074  -20.13475  0.88061 
   -4.11961  0.40326   2.66876      14.8884  2.01652  0.82859    6.9088  0.08206     0.05107  4763.30353   9769.45171  0.11134         2187.61523     21.30385  1.11836  60451.29646  0.93508  2.78601    22296.08338   47.3726  17.14763  60504.30545     50.2619       43.31421   38.61144  68.64256   62.5    0.14587  -20.04324  0.94309 
   -6.46366  0.22208   6.79053       14.696  1.71895   0.7061  10.10147  0.05252     0.03586  4660.05685   9473.41646  0.00662         4247.30623     21.25933  1.00939   60448.9524  1.30856  2.24338   298464.23185  45.36541  17.14413  60505.31478    50.79031        43.9532   19.30572  50.47518   63.5    0.13456  -19.93619  0.64395 
   -4.30506  0.27809   0.79304     14.75928  1.76914  1.12249  11.24962  0.05489     0.03309  4575.64436   9958.79822  0.01776         5901.50807     21.33615  1.20468    60451.111  1.40498  3.12838     3130.47206   49.2224   17.1556  60505.34424    50.70001       43.81831   30.03112  55.77208   43.0    0.15636  -20.56042    0.999 
   -4.30364  0.13965   2.27745     14.57554  1.51062  1.05724  19.94912  0.03391     0.02208  4969.28028   9828.56284  0.02375         4116.56733     21.32606  1.17702  60451.11242  2.93858  2.78599    51379.68313  47.02231  17.11773  60505.34424    50.78304       43.93222   20.73698  52.19573   55.5    0.14128  -20.15405   0.9282 
   -5.56074  0.19726   2.16473     15.03159  1.78119  0.42179  16.02432  0.03824     0.02491  4742.68008    9925.8854  0.03055         5213.30362     21.34954  1.24241  60449.85533  2.15008  3.16091     6701.19018   48.0226  17.11537  60505.31478    50.83887       44.00967   23.63905  48.04681   64.0    0.12599  -20.14211   0.9505 
   -4.46457  0.27252   1.66242     14.99392  1.65512  0.54098  10.36572  0.05531     0.04081  4895.32415   9669.43057  0.00054         2619.85877     21.29031  1.08403   60450.9515   1.4818  2.82491     4368.06831   48.4059  17.13642  60506.24241    50.78487        43.9316   24.59812  50.89221   64.0    0.14758  -20.02496   0.9838 
   -5.01708  0.45785   3.66065     14.43222  1.46348  1.29647   6.20164  0.08358     0.06409  4806.12853   9739.69556  0.03725         2698.98446     21.33296  1.19588  60450.39898  0.85452  2.83941   248815.65369  45.91124  17.18813  60505.34424    50.81778       43.99241   23.59588  47.19176   63.0    0.13823   -20.1305  0.79724 
   -6.88584  0.34512   7.58944     14.63785   1.8211  0.73232   5.17735  0.11623     0.09328  4760.65996   9065.57806  0.04705         4675.97242      21.2462  0.97934  60448.53023  0.69995  1.78682   516262.55428  45.05589  17.08599  60506.24241    50.78225       43.91712   22.68092  54.54196   59.5    0.13364  -19.95741  0.66354 
   -4.96273  0.29145   3.62822     14.92634  2.11434  0.68007   10.0439  0.04805     0.03385  4602.81171   9813.21697  0.10009         2532.48408     21.32022  1.16132  60450.45334  1.26933  2.92732    36282.46143  46.91494  17.14674  60503.08604    50.66621       43.83282    21.4508  49.33684   68.0    0.14207  -20.06775  0.87857 
   -5.10938  0.22267   4.06134     14.70852   1.8019  1.42982  12.21353  0.05602     0.03471  5150.37109   9794.47705  0.01291         4058.21381     21.27408  1.04425  60450.30669  1.93262  2.71955   105645.44606  46.28339  17.15072  60505.34424    50.60337       43.70038   32.42206  60.61501   61.0    0.14262  -20.01653  0.82858 
   -3.89507  0.18082   1.85173     14.69302  1.75152  1.46384  15.26292  0.03641     0.02234  4793.36293   9422.81169  0.04433         2047.59596     21.30819  1.12959  60451.52099  2.09192  2.75977    22926.45083  47.61677  17.13391  60504.28384      50.702       43.86272   23.59588  50.01327   65.0    0.14138  -20.06587  0.97615 
   -6.09723  0.20565   9.15785     14.50527  1.69892  1.23798   6.83392  0.07186     0.05648  4793.51694   8134.24745  0.04426         3716.67402     21.14116  0.76893  60449.31883  0.93671  1.40538  1291315.92997   44.4644  17.14731  60505.34424    50.68754       43.80685   30.59363  55.72811   67.0    0.16345  -19.73415  0.60758 
   -6.23654  0.35652   3.82053     14.48694  1.23354  0.69476   7.53123    0.088     0.05194  4799.43204   9809.33896  0.05288         5004.12722     21.31687  1.15238  60449.17953  1.03484  2.68502   177554.25758  45.94642  17.13581  60503.08604    50.76349       43.93682   22.68092  47.09999   59.5    0.12257  -20.11119  0.74527 
     -6.446   0.4437   5.55996     14.44805  1.70515  1.37564   5.69217  0.08566      0.0686  4499.58979   9817.91589  0.02348         4603.20149     21.31028  1.13503  60448.97007  0.68747  2.52559   621745.36036  45.21685  17.10275  60506.24241    50.79086       43.90779    21.4508  57.91716   63.5    0.13704  -20.06094  0.70324 
   -6.61609  0.49229   4.76214     14.80372  1.59271  0.51524   5.77697   0.1081     0.07026  4721.70674   9939.84441  0.05552          3062.0773     21.31069   1.1361  60448.79997  0.76829  2.84394    82816.46011  46.19726  17.18335  60503.08604    50.55786       43.69172   27.88604    53.627   61.0    0.11869  -20.05581   0.7233 
   -4.80867  0.22197   2.24008     14.88501  2.13242  0.85526  13.01831  0.04192     0.02656   4423.7592   9925.46358  0.02914         5924.33445     21.32341  1.16988   60450.6074  1.51972  2.88964    16872.84084     47.67   17.1241  60505.31478    50.75215       43.89259   23.63905  52.83633   63.5    0.13735  -20.09437  0.96637 
    -6.0252  0.16592   5.54276      14.9646  1.64949  0.35293  15.08338  0.03384     0.02131  4447.26106   9634.20314  0.16488         3845.65566     21.28532  1.07164  60449.39087  1.77955  2.50263    55387.93653  46.25533   17.1336  60506.24241    50.74167       43.84934   23.59588  57.91716   66.0    0.12941  -19.98656  0.69684 
   -4.83844  0.15946   4.07944      14.7736  1.69056  0.73564  14.59412    0.045     0.02693  4790.44158   9268.95819  0.25567         2124.12046     21.26652  1.02623  60450.57762  1.99782  2.32719    74105.18077  46.40583  17.13292  60507.54352    50.66124       43.75737    32.1762  60.86087   63.0    0.12998  -19.96709  0.83037 
    -5.8409  0.25208    3.3586     14.78643  1.89402  0.77577  12.21808  0.04395     0.02851  4609.93547   9944.03062  0.00087         3223.23265     21.32608  1.17709  60449.57516  1.54889  3.07998     53047.5521  46.76925  17.11237  60507.54352    50.78399       43.91153   24.59812  54.76983   65.5    0.13408  -20.09945  0.87014 
   -6.58218  0.25475   7.11881     14.77454   2.1411  0.73205    8.3129  0.06993     0.04716   4604.9294   9202.02754   0.0354         3770.41256     21.28054   1.0599  60448.83389  1.05154  2.11775   284569.18319  45.44048  17.13196  60504.28384    50.46814        43.5587   34.43159    62.097   63.0    0.13393  -20.00007  0.70789 
   -4.37334  0.24081    3.0042     14.87452  1.66671  0.75273   9.46104  0.07329     0.04136  4968.16199   9052.36873  0.05111         2239.42716     21.22832  0.93982  60451.04272  1.39302  2.27828    24893.83645  47.13916  17.15052  60503.08604    50.29202       43.35735   38.17456  64.78928   65.5    0.13819   -19.8931  0.91822 
   -4.51935  0.39314    1.8583     14.64715  1.32732  0.85939   6.63505   0.0901     0.05079  4546.45257   9758.13679  0.07433         5872.39294     21.27927  1.05681  60450.89672  0.81812  2.60849    21613.23763  47.51887  17.17501  60504.30545    50.70505       43.85446   23.59588  50.96849   64.0    0.13256  -19.97879  0.95775 
   -5.27923  0.38312   4.95411     14.59027  1.83571  1.40187   7.02733  0.08181     0.05078  4658.29407   9676.79224  0.06149         4853.63186     21.30754  1.12789  60450.13684  0.90964  2.69232   276060.36692  45.70171  17.12462  60505.34424    50.77274       43.91716   24.59812  51.87726   65.0    0.12501  -20.06462  0.75991 
   -4.58229  0.29744   3.67711     14.55901  1.37911     0.72   9.56265  0.05219     0.03997  4828.08553   9993.74956  0.06015         2737.85506     21.31698  1.15267  60450.83377  1.32971  2.84435   131951.08384  46.15702  17.17902  60505.34424     50.7541       43.89693   27.88604  51.48192   61.0    0.14151  -20.12505  0.78014 
   -4.44581  0.33784   3.02156     14.61073  1.61323  1.39909   7.11139  0.08319     0.05554  4773.79877   9225.63894  0.09034         2976.69968     21.27183  1.03887  60450.97026  0.96674  2.40251    82130.94392  46.60157  17.15365  60507.54352     50.7808       43.89517   24.59812  56.91491   65.5    0.14128  -19.97905  0.89806 
   -4.43744  0.18408   2.07952     14.80249  1.44369  0.60635   14.7107   0.0421     0.02439  4750.29521   9611.36183  0.03542         3960.03681     21.29531  1.09657  60450.97862  1.98017  2.70792    14395.94262  47.63415  17.13184  60507.54352    50.80516       43.94076   23.59588    53.627   64.0    0.12415  -20.02512  0.94664 
   -6.53204  0.31329    4.3302     14.71441   1.5763  0.58953   8.78705   0.0655     0.03841  4492.30658    9977.0115  0.02256          3338.3033     21.31086  1.13654  60448.88403  1.05781  2.75292   102249.61818  46.18381  17.13575  60504.30545    50.62651       43.75328   28.67348  54.98464   61.5    0.12104   -20.0469  0.76293 
   -5.82744  0.20323   7.55767     14.65742  1.91809  1.15775    9.4784  0.04824     0.03023  4321.18146   8981.06794  0.07026         5567.97497     21.20067  0.88185  60449.58862  1.05577  1.92626   492738.20651  45.10232  17.14081  60506.24241    50.72282       43.84368   27.88604  55.77208   69.5    0.14084  -19.80867  0.66743 
   -6.02367  0.15422   8.74766     14.51673  1.56557  1.49841  10.25929    0.048     0.03461  4673.44734   8175.03591  0.02993         4984.20601     21.12894   0.7476  60449.39239  1.33665  1.58218  1029941.21749  44.56692  17.08861  60506.24241    50.80249         43.936   24.59812  54.76983   72.5    0.15626  -19.67178  0.57244 
   -8.28277  0.08542   14.8835     14.53292  1.69868  0.67602   3.77456  0.13989     0.08184  4813.13856   6220.28496  0.04127         5113.22027     17.20132    9e-05  60447.13329  0.52162  0.32242  3002566.82861  43.67605  17.12184  60506.24241    50.78778       43.93615   23.59588  51.48192   73.0    0.16669  -19.01037  0.70879 
    -7.9597  0.08353  14.65384     14.43371  1.66901  0.87491   4.08197  0.15256     0.08458  5144.69421   6085.06936  0.01477         5527.90535     17.91968  0.00046  60447.45637  0.64449  0.34097  4516071.80584  43.50464  17.14903  60505.31478    50.73709       43.87469   27.88604  52.65328   74.0    0.17062  -19.03516  0.69821 
   -3.92065  0.22175   2.89756      14.8843  1.63774  0.55256  12.91884  0.04261      0.0277  4810.81652   9814.19286  0.12913         2057.33605     21.30399  1.11872  60451.49542  1.78356  2.86475    21753.48548   47.2215  17.13481  60505.34424    50.82135        43.9805    21.4508  50.23506   64.5    0.13213  -20.05474  0.89282 
   -4.74976  0.15893   4.37779      14.8039  1.69838  0.73084  13.30605   0.0457     0.03253  4904.18709   8948.56546  0.02374          4711.2436     21.22985  0.94315  60450.66631  1.90902   2.1147    74569.88367  46.34381  17.09539  60507.54352    50.78364       43.91293   23.59588  54.79836   63.5    0.14813  -19.91286  0.82469 
   -5.72019   0.1729   6.67479      14.4986  1.65781  1.50513  12.67857  0.04502     0.03538  4962.72277   9189.69765  0.00285         5788.30009     21.25317  0.99516  60449.69587  1.86268  2.19213   690268.90682  45.00049   17.1525  60504.28384    50.76068       43.91881   25.78413  49.01689   62.0    0.13834  -19.96532  0.64476 
   -5.10322  0.29326   4.09588     14.50448  1.30161  1.01169   8.91617   0.0574     0.03668  4540.85413    9715.6731  0.16802         4332.99187     21.29079  1.08521  60450.31285  1.09668  2.61472   198621.74881  45.86061  17.10751  60506.24241    50.77092        43.9149   23.63905  51.85128   69.0    0.13416  -19.96942  0.74117 
   -4.31615  0.26216   2.89877     14.68235  1.64108  0.92393  11.33123  0.05068     0.02962  4834.04095   9820.76644  0.04674         3700.25331     21.31734  1.15363  60451.09992  1.57952  2.97059     55292.7401  46.81688  17.08668  60505.31478    50.69453       43.81063   30.27698  55.81785   64.0    0.14108  -20.10462  0.88746 
   -5.43479   0.2286   4.53029       14.575   1.5754  1.01913  12.00945  0.04532     0.03057  4618.25126    9989.5028  0.39649         2259.46516     21.30129  1.11178  60449.98127  1.52794  2.74533   212546.90558  45.82653  17.14253  60504.30545    50.72054       43.88378   22.68092  49.00494   63.5      0.125  -20.02797  0.74712 
   -5.27926  0.25291   2.38617     14.64432  1.57685  1.10512  11.21259  0.05484     0.03117  4716.48674   9812.60984  0.02746         2399.25242       21.296  1.09833   60450.1368  1.48789  2.83577    42890.47804  47.07887  17.10653  60506.24241    50.76838       43.89356    21.4508  56.94344   62.0    0.13066  -20.04799  0.92984 
    -5.2507  0.46949   3.80366     14.58862  1.74722  1.53596   5.75156  0.08871     0.05647    4551.865   9641.39297  0.11499         2196.19009     21.29963  1.10753  60450.16537  0.71087  2.70032   156074.23062  46.15746  17.13416  60504.28384    50.85957       44.06708   20.73698  43.61541   67.0    0.13648  -20.01768  0.83638 
    -6.1801  0.19001   6.30389     14.82272   1.5737  0.38436   11.4073  0.03733     0.03021  4404.07162   9346.88548  0.12499         4111.98468     21.27551   1.0477  60449.23597  1.31983  2.16749   131373.00516  45.74805   17.1241  60507.54352    50.74747       43.86737    26.5284  57.12972   68.0    0.14311   -19.9613  0.65498 
   -7.22371  0.40495   6.76783     14.34235  1.55251  1.56025   6.50065  0.07787     0.05132  4728.11946    9930.5917  0.01243         3512.04193     21.30669  1.12568  60448.19236  0.86688  2.63241  1364728.97701  44.66394  17.14732  60505.34424    50.58729       43.68654   28.44855  60.53409   62.0    0.12068  -20.07206  0.56966 
   -4.69595  0.19543   4.80996     14.75823  2.07537  1.55958  12.82911  0.04862     0.02932  4871.41088    9450.7898  0.00378         4523.68761     21.26526  1.02325  60450.72012  1.81607   2.5072   135749.16704  46.08892  17.15643  60504.30545    50.83285       44.02427   20.71669  45.78079   63.0    0.12901  -19.97086  0.81738 
   -5.76371  0.31699   8.38883     14.73942  1.74943  0.63419   5.57108  0.09094     0.07701  4744.59836   9011.08076   0.1048         5872.45903     21.20875  0.89842  60449.65236  0.74811  1.76597   379555.42697  45.08506  17.12212  60507.54352    50.56818       43.64016   36.28776   64.3721   64.0    0.15098  -19.86932  0.60617 
   -4.87617  0.19424   4.13659     14.82646  2.16423  1.34373  11.34454  0.04886     0.03228  4586.78957   9055.56657  0.06952         2575.01378     21.23588  0.95633  60450.53989  1.42374  2.20353     76467.1367  46.48739  17.15104  60506.24241    50.70842       43.83077   25.74096  55.77208   68.0    0.14065  -19.87424   0.8865 
   -7.54058  0.18438   7.92646     14.57429  1.77552  0.70076  12.11703   0.0375     0.02871  4530.11867   9849.01891  0.04058         3749.16166     21.28591  1.07309  60447.87549  1.48335  2.23413   735724.91379   44.8533  17.12356  60507.54352    50.79265       43.92993   23.59588    53.627   63.0    0.13152  -20.00485  0.58067 
   -6.99588   0.1504  11.13197     14.82202  2.03216  0.59918   9.24838  0.05241     0.03305  4071.47126   8893.52321  0.31383         5461.20053     21.14078  0.76825  60448.42018  0.91453  1.39095   530744.19916  44.75877  17.17129  60505.31478    50.77245       43.93273   20.71669  50.01091   67.0    0.13504   -19.7132  0.57994 
    -4.7921  0.19239   1.90342     14.64926  1.49341  0.87234  16.34681  0.03462     0.02478   4803.4593   9992.07963  0.03642         2131.92196     21.33569  1.20342  60450.62397  2.24993  3.14496    25266.54925  47.48141  17.12854  60507.54352    50.77654       43.90656   25.74096    53.627   61.5    0.13755  -20.15365  0.95072 
   -4.69269  0.33095   3.10398     14.86712  1.45137  0.44122   8.15139  0.07289     0.05238  4742.77886   9744.98608  0.04024         5215.79209     21.29985   1.1081  60450.72337  1.09377  2.69768    23944.03607  47.06759  17.16285  60507.54352    50.76437       43.87534    26.7432  59.05999   61.5    0.13188  -20.04562   0.8564 
   -4.21768  0.49053   1.87913     15.14582  1.74951  0.34044   5.84412  0.10195     0.06271  4470.45541   9844.66059  0.16119         4297.83464     21.31741  1.15381  60451.19838  0.69671  2.86673     2930.90575  48.49684   17.1307  60506.24241    50.75679       43.88769   22.68092  54.54196   65.5    0.13119  -20.05472  0.97225 
   -4.54898  0.22782   2.98772     15.03684  1.95762  0.51576  11.49135  0.05528      0.0308  4640.92511   9713.10224  0.12646         4222.83368     21.29418  1.09371  60450.86709  1.47641  2.61801    13694.22955  47.47336  17.16372  60504.30545    50.09432       43.12227   44.04066  74.83213   62.0    0.12459  -20.03019  0.92305 
   -8.66415  0.46793   9.16664     14.67735  1.91483  0.51074   4.04529  0.10649     0.08525  4554.36332   9605.36307  0.23646         2132.49231     21.26569  1.02428  60446.75191  0.50053   1.8929   660170.71538   44.8069  17.13684  60506.24241    50.53994       43.63343   34.43159  60.49736   63.5    0.12701  -19.96072  0.57563 
   -4.45255  0.25425   2.43307     14.69425  1.43548   0.7952  10.43368  0.05432     0.03259  4449.86407   9772.02031  0.13032         5553.17909     21.28775  1.07764  60450.96351  1.23242  2.65276    32256.33672  47.14492   17.1265  60507.54352    50.81096       43.94008   23.63905  55.72891   66.5    0.12487   -20.0021  0.91903 
   -5.02284  0.22349   2.80383     15.14412  1.80115  0.31169    12.986  0.04323     0.02856  4556.55522   9940.81068  0.02543         5485.82468     21.31245   1.1407  60450.39322  1.60833  2.90224     6770.67999  47.79826   17.1199  60506.24241    50.63862        43.7253   34.32128  61.60704   64.0    0.13297  -20.07625    0.911 
   -6.09292  0.30988   5.32397     14.51405  1.66343  1.43155   8.07483  0.08325     0.05059  4882.38429   9757.60302  0.02038         2964.85725     21.28687  1.07548  60449.32314  1.14822  2.50222   410390.72652  45.42418  17.10429  60505.34424    50.85178       44.03202   19.30572  47.58914   57.5    0.12647  -20.03846  0.71647 
   -4.22726  0.24042   1.08585     14.65348  1.55678  1.48643  11.74569  0.05522     0.03281  4689.56691   9749.11928  0.06236         5090.24687     21.30686  1.12614   60451.1888  1.54089  2.82386     8406.70687  48.46491  17.14815  60506.24241    50.72059       43.83606   28.67348  57.12972   63.5    0.12986  -20.01324  0.99589 
    -4.3819  0.37931   3.60948     14.58717  1.58789   1.3424   6.50771  0.08373     0.05565   4725.7472   9479.50665  0.12385         2207.39498     21.26211  1.01588  60451.03417  0.86695  2.46845   128585.85648  46.24558  17.11451  60506.24241    50.74875        43.8751   25.74096  55.77208   65.0     0.1437  -19.96504  0.84544 
   -5.62208  0.27216     5.203     14.77546  2.03217  0.80272   9.00294   0.0579      0.0389   4356.3607    9703.0458  0.06506         4693.50928     21.28446  1.06953  60449.79399   1.0192  2.45022    143670.0134  45.98693    17.193  60504.28384    50.11889       43.15005   42.90494  72.38961   63.5    0.13677   -20.0019  0.78586 
   -6.97302  0.16985   8.19304     14.41904  1.57911   1.2368  10.54736  0.04417     0.03256  4421.63763   9098.89952  0.13433          3779.6626     21.21746  0.91661  60448.44304  1.23009   1.7915  1429050.62365  44.48532  17.14418  60503.08604    50.14418       43.18132   40.75652  72.93272   66.5    0.13738  -19.81864  0.57604 
   -4.85042  0.23455   0.88119     15.08885  1.65449  0.39763  13.23787  0.05128     0.02774  4775.45796   9749.07535  0.01448         2627.37046     21.32887  1.18466  60450.56565  1.80084  3.10497      792.35792  49.69845  17.12159  60505.34424    50.84212       44.00715   20.71669  50.01091   53.5     0.1567  -20.27062  0.99822 
   -5.72042  0.40412   4.60883     14.51408    1.628  1.57069   6.37676  0.09031     0.06839  4904.07164   9584.57465  0.01114         2146.41424     21.30224  1.11422  60449.69564  0.91483  2.57695    300951.2527  45.67482  17.12149  60505.34424    50.82571       43.98495   20.73698  50.05065   60.5    0.14257  -20.05612   0.7614 
   -6.21009  0.32227   3.63987     14.84882  1.76472  0.60326   9.12902  0.06677     0.04565  4757.29719   9965.97688  0.03834         3552.55164     21.31819  1.15589  60449.20598  1.23246  2.94205    43552.54344  46.75433  17.13478  60506.24241    50.72841       43.84747   30.45816  55.86358   63.0    0.12224  -20.07974  0.84028 
   -5.03516  0.26984   3.24244     14.68054  1.70648  0.96216    9.9391  0.06292     0.03829  4765.32724   9682.47839  0.00628         5215.59147     21.30047  1.10968   60450.3809  1.34636  2.68193     72541.6769  46.61861   17.1414  60505.34424    50.80936       43.96869   24.59812  49.01103   61.0    0.12717  -20.05725  0.87675 
   -5.36411  0.32161   5.91166      14.8261  1.86387  0.72145   7.33361  0.08981     0.05943  5132.89994   9305.52183  0.00605         2177.33947     21.26012  1.01122  60450.05196  1.15258  2.35856   134723.49246   45.8664  17.14154  60505.31478    50.78663       43.93646   18.79003  52.89582   61.5    0.14182  -19.98779  0.72148 
   -6.82158   0.3288   7.23406     14.52329  1.75502  0.84121   7.92611  0.05583     0.04574  4831.14938   9844.77277  0.02821         4796.39609     21.32134  1.16432  60448.59449  1.10354  2.60613   766089.77124  44.91008  17.16245  60507.54352    50.74304       43.86887   28.67348  54.98464   64.5    0.13729  -20.11819  0.58427 
   -6.80611  0.27642   7.25666     14.51581  1.52056  0.84128   7.89687  0.06074     0.03824   4388.1208   9436.40662  0.24409         3721.43088     21.26505  1.02276  60448.60995  0.90707  2.18286   691326.82766  44.88969  17.15467  60506.24241    50.76189       43.91191   24.59812  50.89221   68.0    0.13272  -19.91516    0.574 
   -5.27287  0.19486    5.9497     14.43913  1.47385  1.12433  12.80178  0.03525     0.02277  4486.60278   9890.22314  0.22797         5387.02109     21.29174  1.08759  60450.14319  1.53721  2.49451   641217.11141   45.0813  17.18061  60506.24241    50.71352       43.85624    21.4508    53.627   66.0    0.13575  -20.05852  0.62709 
   -4.69027  0.31482   3.25101     14.41987  1.27794  1.30317     8.946   0.0581      0.0413  4861.98535   9632.28826  0.05775         3344.37085     21.31001  1.13432   60450.7258  1.26149  2.81637   181396.03847  46.09269  17.14362  60505.34424     50.6568       43.78188   25.74096  55.77208   65.5    0.14038  -20.06012  0.80686 
   -4.88128  0.23378   3.73139     14.63673  1.66898   1.5166   10.6393  0.05357     0.03281  4706.37187   9229.31847  0.06556         3550.52639     21.26996  1.03439  60450.53479  1.40577  2.48721   114959.51967  46.28701   17.1864  60505.34424    50.63809       43.74431   28.59848   59.3498   68.5    0.13712  -19.94249  0.84756 
   -3.56707   0.4594   1.16976     14.69468  1.70336  1.27012   6.44319  0.09449     0.06106  4673.37107   9995.79593  0.15989         2718.87499     21.32698  1.17953  60451.84899  0.83944  2.96001     8829.70344  48.41801  17.11963  60506.24241    50.78718       43.93658   22.68092  51.88345   62.0    0.12691  -20.08714  0.99484 
   -4.50034   0.4024   2.53875     15.11768   1.6398  0.30758   6.92014  0.09866     0.06364  4970.98764   9757.64945  0.15492         2123.79113      21.3081  1.12935  60450.91573  1.02006  2.78466     5707.95086  47.91792  17.18021  60502.35154    50.09935       43.12511    42.9016  72.93272   59.0    0.12966  -20.10225  0.92265 
   -5.66784  0.43854   4.33053     14.64068  1.96723   1.5566    6.4855  0.07518     0.05469  4514.15718   9981.05762  0.00255         3590.17341     21.31113  1.13725  60449.74823  0.78836  2.84417   179225.55999  46.03622    17.157  60505.34424    50.81021       43.97471   22.68092  48.10672   64.5    0.13122  -20.04218  0.81545 
