 texplosion  fnickel    Pspin  log(Bfield)      Mns  thetaPB  mejecta    kappa  kappagamma     vejecta  temperature    alpha  cutoff_wavelength  log(nhhost)      A_V         MJD0  kenergy  mnickel            TSD   log(L0)  Peak_mag     Peak_MJD  log(E_rad)  log(Peak_lum)  Rise_Time    E_fold  tau_1  delta_m15     r_peak     frac 
  -12.73223  0.00577  5.65674     14.47326  1.60905  0.43326  6.20791  0.30307     0.01089  4669.96517   5731.76546  0.92881         2094.69321     18.45891   0.0016  60311.92159  0.80761  0.03584   540760.17733  45.23728  17.47795  60389.46029    50.48635        43.5584   58.44894  63.54266   55.0    0.10385  -19.94282  0.99315 
  -13.28327  0.00246  5.84219     14.15102  1.43998  0.71947  4.59984  0.29651     0.01831   4822.1083   5544.57123  0.06425         3659.20657     18.49277  0.00173  60311.37056  0.63803  0.01131  2276585.83327  44.53676   17.4464  60386.64228    50.47149       43.52993   58.92908  65.35898   55.0     0.1144  -19.95597  0.99722 
  -12.59964   0.0093  5.74352      14.0841  1.53074  1.17035  7.72971  0.22031     0.01073  5045.19718   5512.44997  0.23536         2089.99071     17.64212  0.00024  60312.05419  1.17367  0.07188  3183245.61027  44.43252  17.43876  60387.15333    50.46055       43.52486   62.69998  63.46538   55.0    0.11059  -19.99486  0.98478 
  -14.95402  0.02452  5.37269     13.79207  1.29579  1.43773  4.19435  0.31059     0.01215  4693.06201   5647.57148  0.61158         2730.38073     17.13342    8e-05   60309.6998  0.55107  0.10283  9048885.06503   43.9644  17.45471  60387.15333    50.46943       43.53724   60.81453  61.70171   56.5    0.11908  -19.95432  0.97494 
  -13.90215  0.00266  6.51097     14.27206  1.77378  0.61762  5.30099  0.30685     0.01096  4971.79842   5424.42949  0.04521         4730.81108     19.13211  0.00753  60310.75167  0.78165  0.01408  1994723.54697  44.59057  17.46538  60387.15333    50.46914       43.54259   56.56349  62.21984   55.5     0.1187  -19.99555  0.99683 
  -12.89781  0.01346  5.76948     14.16303  1.53824  0.86945  5.92394  0.29998     0.01232  4990.85513   5594.17129  0.04652         4256.78608     18.60689  0.00225  60311.75602  0.88021  0.07975  2244156.52571  44.58254  17.44868  60386.64228    50.48674       43.56753   58.44894  61.71286   55.0    0.11049  -19.97626  0.98311 
  -14.46347  0.00921  6.12427     13.98056  1.60451  1.37924  4.92834  0.33022      0.0113  4814.82643   5667.36429  1.22555         2333.93751     16.83089    4e-05  60310.19036  0.68154  0.04541  6111526.44833  44.11393  17.43485  60386.57277    50.53653       43.62753   58.44894  58.44894   55.5    0.11687  -19.95747  0.98956 
  -15.30017  0.00195  6.34923     14.04867  1.69053  1.04592  5.18356  0.30034     0.01131  4951.15586   5604.70928  0.01366         2818.03602     16.96669    5e-05  60309.35366    0.758  0.01009  5057664.06726  44.18748  17.43341  60386.64228    50.47975       43.55713   58.92908  61.65337   56.0    0.12311  -19.98164  0.99766 
  -13.81452  0.03081  6.93882     15.08727  1.98461  0.12304  5.96359  0.32907     0.01079  5184.81542   5570.55765  0.04736         2511.74482      16.6631    3e-05  60310.83931  0.95632  0.18371    59364.24496  46.11042  17.40931  60388.52866    50.48988       43.56759   58.92908  62.21984   54.0    0.12243  -19.99901  0.96222 
  -14.81081  0.02202  6.24943     14.42318  1.72536   0.4653  4.67624  0.29272     0.01127  4366.08948   5701.69077  0.11093         2110.85097     19.48987  0.01716  60309.84302  0.53175  0.10299   891291.59733  44.96402  17.45654  60386.64228    50.49102       43.56445   59.76114  62.45831   55.0    0.11284  -19.96029  0.97842 
  -12.82227  0.00503  5.84861     14.15167  1.68631  1.03811   6.9555  0.32377      0.0107  5327.97212   5489.84807  0.01089         5906.38087     19.30228  0.01114  60311.83156  1.17782    0.035  2663963.33517  44.53615  17.43003  60386.57277    50.45378       43.52542   59.78526  63.47353   54.0    0.11558  -20.01881   0.9933 
  -14.80156  0.00359  5.90128     14.27517  1.58948  0.59324  5.93574  0.27905     0.01072   4771.9529   5768.15961  0.39261         2581.29402      18.7634  0.00322  60309.85227   0.8063  0.02133  1447536.63483  44.76758  17.42392  60384.55911    50.49825        43.5814   59.76114  60.69475   55.5    0.10864  -19.97873  0.99542 
  -13.67334  0.02099  6.45027     14.47411  1.68318  0.43795  5.96866  0.25748     0.01188  4756.04162   5648.83051  0.02751         5640.83299     17.69132  0.00027  60310.98048  0.80537  0.12529   732641.10014  45.01093  17.45539  60387.15333    50.49998       43.59163   58.44894  60.33439   55.5    0.11473  -19.93715  0.97128 
  -13.63402  0.00541  5.86187     14.76672  1.52849  0.15839  6.03697  0.27557     0.01035  4920.73336   5707.28098  0.31743         3067.39299     18.72635  0.00296   60311.0198  0.87198  0.03267   142797.31994  45.76232  17.47368  60387.15333     50.5054       43.58659   59.76114  60.33439   55.0     0.1189  -19.98436  0.99262 
  -14.95786  0.00104  6.08611     14.74677  1.64557  0.19138   5.9286  0.30754     0.01031  4926.86577   5604.96938  0.05799          4338.4747     16.92654    5e-05  60309.69597  0.85846  0.00616    181665.9545  45.65721  17.45205  60387.15333    50.48685       43.57117   57.04363  61.71286   55.5    0.11624   -19.9666  0.99865 
  -14.84063  0.01952  6.38544     14.80374  1.77989  0.19042  4.88567  0.33965     0.01108  4675.21815   5626.23646  0.04401         3250.36155     17.44083  0.00015   60309.8132  0.63702  0.09536   166382.23425  45.68775  17.42829  60386.57277    50.48759       43.57387   58.92908  59.82741   55.0    0.11524  -19.96886  0.98001 
  -14.43444  0.00131  5.37905     14.28084  1.31645  0.37131  5.94304  0.22092     0.01034  4755.16315   5488.73213  0.07455         2665.41958     19.14192   0.0077  60310.21939  0.80162  0.00777   970379.82929   44.9399  17.47093  60387.15333    50.47416       43.54652   54.67804  64.10529   55.5    0.11715  -19.97232  0.99812 
  -15.08134  0.01498  6.81662     14.75477  1.88336  0.23185  6.36607  0.25905     0.01054  4841.23073    5477.8319   0.3188         2017.09049     19.31206   0.0114  60309.57248  0.89004  0.09536   251389.94833  45.47629  17.44063  60387.15333    50.49615       43.57505   60.33439  60.33439   55.0    0.11238  -19.98495  0.97905 
  -11.62286  0.00502  5.87726     14.34543  1.54176  0.48912  5.42684  0.27623     0.01468  5105.12021   5428.81888  0.18041          2124.3279     18.65428  0.00251  60313.03097   0.8437  0.02722  1007655.62489   44.9152  17.45424  60387.15333    50.47452       43.54137   62.21984  62.21984   53.0    0.11957  -20.02869  0.99393 
  -12.13266  0.00873  5.90324     14.11839  1.57995  0.84141  4.86337  0.32917     0.01634  5344.95739   5681.78569  0.03756         5201.39292     20.17936  0.08396  60312.52117  0.82881  0.04244   2963863.0164  44.45345   17.4566  60387.15333    50.48486       43.57066   60.33439  59.82741   55.0    0.11982  -20.09244  0.99078 
  -14.28164  0.00208  7.07146     14.38325  1.82691  0.46247   6.1664  0.22336     0.01009  4937.27833   5447.36086  1.63048         2243.14888     18.07154  0.00066  60310.37219  0.89667  0.01284  1452279.57947  44.66949  17.46197  60387.15333    50.48263       43.55971   58.92908  61.65337   56.5    0.11915  -19.94925  0.99671 
  -14.42563  0.01309  5.76837     14.46572  1.44362  0.32163  6.09416  0.27507     0.01239  4930.15959   5463.82552  0.55105         2467.42784     17.58319  0.00021   60310.2282  0.88361  0.07977   522316.01181  45.18826  17.44767  60387.15333    50.47565       43.54799   58.92908  63.54266   57.0     0.1089   -19.9504  0.98129 
  -14.73559   0.0031  5.54705      14.0916  1.43121  0.73858  4.94434  0.27837     0.01018  4515.13171    6110.8606  0.10629         5389.01406     18.89255  0.00434  60309.91824  0.60128  0.01534  2681842.09278  44.50799  17.48208  60386.64228    50.47999         43.558   61.64659  60.33439   54.5    0.11821   -19.9803  0.99656 
  -11.98817  0.02316  6.33772     14.22555  1.73368  1.18818  8.29553  0.23405     0.01265  5212.12245   5591.39341  0.78242         2139.16185     17.62003  0.00023  60312.66566  1.34431  0.19211  2288446.45129  44.54441  17.46045  60388.58643    50.48957       43.54585   60.33439  65.99074   56.5     0.1016  -19.94563  0.96021 
  -14.90863  0.03542  6.72911     14.19925  1.78062  0.83634  4.84883  0.25928      0.0116  4491.89164   5915.85853  0.19295         2061.25381     19.66664  0.02579   60309.7452  0.58361  0.17175  2990874.12495   44.3877  17.46035  60387.15333    50.46994       43.54292   58.92908  63.54266   55.5    0.11569  -19.96026  0.96059 
  -13.12622  0.00161  5.71079     14.73885  1.60878  0.20563  6.30378  0.32185     0.01001  4982.22296   5584.93157  0.94871         2304.19986     16.41345    1e-05  60311.52761  0.93341  0.01016    162183.1651  45.75194   17.4493  60386.57277    50.49663       43.57989   59.76114  60.33439   54.5    0.11655  -19.98511    0.998 
  -15.19661  0.00871  6.75895     14.45185  1.91964  0.53439   5.1869  0.29892     0.01131  4429.39485   5589.53517  0.23491         2220.70597     16.27215    1e-05  60309.45722  0.60705  0.04519  1016478.13262  44.88521  17.42549  60386.57277    50.47975       43.55319   62.21984  60.33439   56.5    0.11065  -19.93622  0.99047 
  -15.23445  0.00126  5.31673     14.38407  1.37022  0.26852  4.94384  0.31223     0.01024  4821.21541   5477.50321  0.03364         4480.39145     18.43326  0.00151  60309.41938   0.6855  0.00622   613425.75278  45.16658  17.46399  60388.52866    50.48758       43.56747   58.92908  61.65337   55.0    0.12268  -19.98106   0.9986 
  -13.87462  0.00376  6.31275     14.18262  1.78549  0.87208  5.89112  0.33066     0.01001  4973.14285   5481.92038  1.78203         2654.31874     19.88081  0.04222  60310.77921  0.86913  0.02214   2849569.1818  44.46539  17.47749  60386.57277    50.50379       43.59528   57.04363  60.33439   55.5     0.1118  -20.01102   0.9954 
  -14.21856  0.00295  7.24278     15.07685  2.08997  0.14672  5.77013   0.3298     0.01347  4986.38801    5704.3392  0.34776         2588.26632     19.45978  0.01601  60310.43527  0.85583    0.017    71459.85078  46.01511    17.415  60386.57277    50.48592       43.57072   58.92908  60.57286   55.0    0.10503  -19.95522  0.99636 
  -14.90358  0.00218  6.21301     14.03249  1.68354  1.22391  5.20547  0.27393     0.01024  4586.61517   5413.22706  0.05042         5016.11861     16.40926    1e-05  60309.75025  0.65324  0.01137  5196025.49843  44.19279  17.39787  60386.64228    50.47162       43.54566   59.78526  62.21984   55.5    0.11533  -19.98617  0.99749 
  -13.72258  0.00156  6.19608     14.02674  1.65213  1.55929  6.05883  0.24181     0.01035  4813.70901   5422.15195  0.31834         2067.07784     17.28258  0.00011  60310.93125  0.83748  0.00943  5207326.14288  44.18604  17.45553  60387.15333    50.48046       43.55906   58.92908  60.57286   53.5    0.11464  -19.99001  0.99787 
  -15.69415  0.00142  6.37697     14.93326  1.73872  0.10867  4.37794  0.29898     0.01138  4577.48579   5504.14618   0.0611         5326.09214     16.95911    5e-05  60308.95968  0.54721  0.00621    89281.46336  45.94908  17.45538  60384.55911    50.44412       43.52612   58.92908  61.65337   55.5    0.12064  -20.00034   0.9986 
  -14.28607  0.00135  6.15586     15.02144  1.76333  0.12456  6.04854  0.32635     0.01087  4898.55962   5485.58725  0.01922         2993.20702     17.54605   0.0002  60310.36776  0.86579  0.00815    56213.53846  46.18676   17.4453  60387.15333    50.48813       43.56872   57.04363  62.21984   54.5    0.11017  -19.96687  0.99837 
  -14.17693  0.02424    6.798     14.27916  1.81015  0.68854  6.43761  0.20692     0.01043   4815.6976   5525.19086  0.10731         2629.52506      17.0589    6e-05   60310.4769  0.89057  0.15607  2147659.21151  44.52983  17.46337  60387.15333    50.46339       43.53571   60.81453  62.21984   56.0    0.11488  -20.00994  0.96423 
  -14.19971   0.0032   5.8124     14.20555  1.44599   0.5907   5.9039  0.28295     0.01351  5041.43515   5613.09623   0.0664         3993.86779     18.15928   0.0008  60310.45412  0.89511   0.0189  1760350.26756   44.6547   17.4449  60384.55911    50.48406       43.56969   58.44894  60.77177   56.5     0.1132   -19.9569  0.99543 
  -14.17891  0.00174  6.10244     14.60345  1.63082  0.27288   6.0322  0.28865     0.01051  4814.74133   5594.39496  0.02122         5464.51603      19.4053  0.01413  60310.47491  0.83416  0.01052   350216.19985  45.36591   17.4345  60386.64228    50.56034       43.65369   57.04363  58.44894   56.5    0.11204  -19.94946  0.99767 
  -14.30881  0.04103  6.82173      15.0242  1.91836  0.13582  5.47242  0.31896     0.01037  4745.86173   5840.66754  0.31236         2299.93311     16.75307    3e-05  60310.34502  0.73525  0.22451    74154.50354  46.01385   17.4844  60387.15333    50.46555       43.53253   60.33439  64.10529   55.0     0.1128  -19.96283  0.95346 
  -12.93635  0.00633     5.78     14.62083  1.52129  0.25615  5.81133  0.33932      0.0109  4813.77825   5560.22236  1.12495         3206.11713      16.0014    1e-05  60311.71748  0.80329  0.03681   270533.13486  45.49498   17.4725  60387.15333    50.48874       43.57101   57.04363  60.77177   57.0    0.11134  -19.93759  0.99195 
  -14.84921  0.00752  6.49901     14.10843  1.79249  1.05984  4.36547  0.32766     0.01169  4602.07635   5725.11066  1.21782         2036.98546     16.14502    1e-05  60309.80462  0.55153  0.03281  4266928.28429  44.26649   17.4436  60386.57277    50.47617       43.55911   60.33439  60.33439   56.0    0.11876  -19.98145   0.9928 
  -14.33034  0.00748  5.73689     14.19762  1.54729  0.62799  5.16821  0.24544     0.01183    4613.288   5644.50626  0.05787         3681.06425     20.10393  0.07058  60310.32349  0.65613  0.03864  1903233.48148  44.66157    17.434  60387.15333    50.48483       43.56546   58.92908  61.65337   55.5    0.11576  -20.04589   0.9918 
  -14.93427  0.00103  6.42296     15.00384  1.69366  0.09916  4.14329   0.2926     0.01281  4576.45765   5596.00371   0.1102         2719.60493     18.10743  0.00071  60309.71956  0.51764  0.00426    63744.10313  46.07776  17.42899  60388.52866    50.49526       43.57591   54.67804  62.45831   54.5    0.12407  -19.96937  0.99899 
  -13.37704  0.00583  6.37286     14.61544  1.67666  0.29937  6.38452  0.27362      0.0126  5023.12432   5565.03782  0.24057         2328.98604     17.44888  0.00016  60311.27679  0.96096  0.03725   371571.44354  45.31458  17.44723  60386.64228     50.4706       43.55511   60.81453  59.78753   56.5    0.11134  -19.94835  0.99143 
  -13.83518  0.00249   6.6721     14.31153  1.92532  0.88213  7.10268  0.25987     0.01012  4839.00049   5735.91141  0.53183         2382.01559     19.59257  0.02174  60310.81865  0.99211  0.01771  1895767.56599  44.62704  17.43218  60386.57277    50.48555       43.57796   58.92908   58.8093   55.0    0.10945  -19.95465  0.99638 
  -13.79151  0.00115  6.08687     14.37796  1.63065     0.51  6.40634  0.33659     0.01732  5649.80345   5385.10423  0.11687         4700.60701     19.31247  0.01141  60310.86232  1.21984  0.00737   984114.23066  44.91937  17.45141  60387.15333    50.49178       43.58107   58.92908  58.88632   55.5    0.10671   -20.0272  0.99838 
  -13.31502  0.00889  6.75985     14.12994  1.94852   1.4392   5.1622  0.30719     0.01231  4980.41767   5403.61356  0.06347         3437.53715     19.89804  0.04393  60311.33881  0.76383  0.04589   4544741.9101  44.24117   17.4479  60386.64228    50.46541       43.54507   60.81453  60.33439   53.0    0.11831  -20.05584  0.99047 
  -13.45503  0.00151  7.20696     14.11594  1.99707  1.39142  5.62896  0.29726     0.01103  5079.85361   5455.52158  0.01325         5411.39517     17.89199  0.00043   60311.1988  0.86648  0.00852  5647140.57981   44.1019  17.48369  60387.15333     50.4359       43.49663   58.44894  65.40224   54.5    0.12414  -19.98278  0.99803 
  -13.29221  0.02572  7.01334     14.92174  1.87822  0.16238  6.15553  0.24376     0.01054  4847.55607   5634.88354  0.48011         2339.57404     17.54817   0.0002  60311.36162  0.86286  0.15834   123004.84696  45.76082  17.45816  60387.15333    50.49792       43.58058   58.44894  60.77177   55.0    0.11899  -19.97297  0.96363 
  -15.27679  0.00324  6.23185     15.15895  1.66023  0.07235  4.98025  0.31502     0.01115  4714.41036   5803.29252  0.09866         4170.15372     17.15562    8e-05  60309.37704  0.66029  0.01615     28794.9081  46.44046   17.4676  60387.15333    50.46483       43.53927   58.92908  62.21984   56.0    0.11602  -19.95945  0.99634 
  -12.64391  0.02245  6.33704     13.94855  1.58247  1.24936  4.22708  0.31499     0.01413  5080.59385   5524.71619  1.26148         2355.94605     16.63477    2e-05  60312.00992  0.65087   0.0949  7478824.29207  43.99058  17.45811  60386.64228    50.47885       43.56818   57.04363  60.77177   54.0    0.12553  -19.98382  0.97614 
  -15.17964  0.04549  6.37875     14.00771  1.58319  1.39474  5.79402   0.2431     0.01116  4793.75886   5650.48295  0.00672         5135.70693     18.61763   0.0023  60309.47419  0.79425  0.26358  5772912.29209  44.09751  17.46779  60387.15333    50.46773        43.5377   56.01436  65.42811   56.0    0.11595  -19.95469   0.9367 
  -14.26594    0.037  6.34646     14.46355  1.66401  0.36953  4.36953  0.33758     0.01191  4640.76046   5451.22444  1.23421         2029.92197     17.84391  0.00039  60310.38789  0.56136  0.16166   736090.27135  45.01801  17.43773  60386.64228    50.48148       43.55955   58.92908  61.65337   55.5    0.12041  -19.94957  0.96336 
  -12.60101  0.00531  5.52595     14.32592  1.53158   0.5801  5.63898  0.32773     0.01351  4873.13921   5633.27574  0.36071         2725.16946     18.88029  0.00422  60312.05282  0.79881  0.02994   968109.05257  44.98325  17.42983  60386.57277    50.51285       43.60404   58.44894  58.44894   54.0    0.10761  -19.97443   0.9941 
  -13.67865  0.00196  6.46793      14.2535   1.6588  0.69382  7.00305  0.21633     0.01052  4871.09779   5763.84678  0.15991         4596.61172     17.76869  0.00033  60310.97518  0.99121  0.01372  2005124.91463  44.56497    17.467  60386.57277    50.44013       43.50256   60.81453   63.5165   56.0    0.11491  -19.96105  0.99666 
  -12.69775  0.00611  6.75399      14.1711  1.87228  1.48721  5.64536  0.29894     0.01358  4863.53869   5519.98855  0.24528         3745.68381     16.48044    2e-05  60311.95607  0.79657  0.03447    3606686.679  44.32499   17.4803  60386.64228    50.47638       43.54583   58.44894  64.10529   54.5    0.11018  -19.97652  0.99246 
  -13.20736  0.02225  7.28234     14.25015  2.03175  0.72432  4.54767  0.31224      0.0116   5113.3712   5583.54788  0.05838         2756.19964     16.95169    5e-05  60311.44647   0.7093  0.10119  3161750.97029  44.35225  17.45801  60387.15333    50.49558       43.58244   57.04363  60.33439   54.5    0.12997  -20.01969  0.97691 
  -14.71739  0.00163  6.16735     14.20047  1.70994  0.59365  3.78655  0.33833      0.0109  4604.07613   5644.60406   0.0277          3995.9807     18.74636   0.0031  60309.93644   0.4788  0.00617  2399130.74319  44.54157  17.42162  60388.52866    50.47961       43.54945   59.78526  62.21984   55.0    0.12319  -19.99639  0.99866 
  -14.34157  0.00169  6.94966     14.20385   1.9074  0.99609  5.36602  0.28793     0.01227   4801.0835   5388.00863  0.14876         4917.67375     18.03047   0.0006  60310.31226  0.73783  0.00905  3345735.88014  44.34087  17.45232  60387.15333    50.47373       43.54321   60.33439  63.54266   54.0    0.11119   -19.9973  0.99793 
  -11.78555  0.05625  5.57361     14.48315    1.377  0.34432  7.19499  0.23496     0.01128  5126.38339   5552.80375  0.07935         5069.76948     18.23321  0.00095  60312.86828  1.12792  0.40472   429263.30286  45.28278  17.46041  60386.57277    50.48148       43.55693   60.33439  62.45831   55.0    0.11682  -19.99342  0.91249 
   -15.8799  0.00203  6.54269     14.14429  1.82586  1.01853  5.17354   0.2954     0.01039  4464.16461   5565.60995  0.12127         5296.59471     19.35156  0.01248  60308.77393  0.61503  0.01048  3734405.50573  44.32658  17.43692  60386.57277     50.5092       43.60226   57.04363  58.44894   57.0    0.11075  -19.98184  0.99773 
  -13.48061  0.00851  4.72546     13.81027  1.13911  1.25613  5.59434  0.28698     0.01153  4961.23179   5582.62713   0.0982         4251.27429      16.5931    2e-05  60311.17322   0.8214  0.04761   5658887.2754  44.22379  17.45923  60386.64228    50.49475       43.57567   58.44894  61.71286   53.5    0.11539  -19.99363  0.98919 
  -17.02995  0.00379  6.32127     13.93068  1.69227  1.52594  4.07933  0.33308     0.01106  4516.23143   5667.58434  0.61693           2249.015     18.50883  0.00179  60307.62388  0.49633  0.01544  8640395.77648  43.95917  17.42766  60386.57277     50.5047       43.60804   57.04363  57.95144   58.5    0.12097  -19.93412  0.99641 
  -15.28333   0.0049   6.4449     14.12265  1.72264  0.96997  4.71178  0.31313      0.0129  4767.31788   5618.51769  0.06651         2320.25235     16.55569    2e-05   60309.3705  0.63879   0.0231  3777012.16349  44.30946  17.43882  60386.57277    50.47998       43.56731   58.92908  59.82741   56.0    0.11535  -19.97322  0.99471 
  -14.12258  0.00544  5.67494     14.18095    1.459  0.67138  6.21696  0.26468     0.01144  4897.80677   5538.09951  0.13693          2192.8698     18.40052   0.0014  60310.53125  0.88963  0.03379  1896206.25005  44.64709  17.47472  60386.57277    50.47573       43.56439   58.44894  60.33439   55.0    0.11009  -19.96466  0.99237 
  -14.59579  0.00418  6.04013     14.01542  1.61885  1.09756  5.66695  0.32992     0.01162  5291.33966   5486.84763  0.78119         2323.82071     19.00078  0.00557  60310.05804  0.94647   0.0237  5108183.15025  44.20769  17.41627  60384.55911    50.47602       43.56248   58.92908  60.33439   55.5    0.11937  -20.01532  0.99474 
  -15.62889  0.00125  5.66464     14.28435  1.54438  0.40889  4.87865  0.32809     0.01085  4910.17373   5616.89821  0.07662         2816.78148     19.96533  0.05129  60309.02493  0.70165  0.00609  1242265.36682  44.85704  17.44706  60387.15333    50.50879       43.59259   52.79259   62.5802   55.5    0.11875  -20.02793   0.9987 
  -13.26259  0.00527  5.46227     14.08147  1.53816  1.21258  6.49649  0.29491     0.01004  4702.99389   5623.08582  0.14472         5541.78845     19.43278  0.01505  60311.39124  0.85715  0.03421  2928394.20186  44.51447  17.45111  60387.15333    50.47705       43.55156   58.92908  62.21984   56.0    0.10805  -19.99105  0.99345 
  -14.48427  0.00103  7.02681     14.27538   2.0101  0.90731  5.92522  0.28756     0.01016  4733.03968   5824.15715  0.09654         3942.31223     17.57454  0.00021  60310.16956  0.79179  0.00612  2592975.71215  44.46475  17.46533  60386.57277    50.49634       43.59209   58.44894  58.44894   55.0    0.11296  -19.96496  0.99869 
  -12.83789  0.03722  6.15604     15.02485  1.61633  0.10078  4.88697  0.28124     0.01089  4592.79998   5814.53714     0.09         5411.21941     18.76837  0.00326  60311.81594  0.61492  0.18191    50728.53702  46.19352  17.40314  60386.57277    50.49612       43.59149   58.92908  58.44894   55.5    0.11682   -19.9907  0.95985 
  -13.43204  0.02721  5.32745     14.22067    1.559  0.71526  4.03856  0.32788      0.0144  4247.45369   5919.74896  0.03162         5441.61034     20.42212  0.14684  60311.22179  0.43462   0.1099  1487196.17243  44.83628  17.45287  60387.15333    50.49722       43.58355   60.33439  58.88632   55.5    0.10624  -20.04129  0.98065 
   -13.1203  0.00311  5.52578     14.00014  1.41153  0.93512  4.80921  0.30696     0.01137  4723.01606   5614.16933  1.50159         2469.50284     18.50115  0.00176  60311.53353  0.63994  0.01497  3999633.23296  44.33173  17.41114  60384.55911    50.48137       43.55809   58.92908  61.65337   55.5    0.12124  -19.98316   0.9966 
   -13.6579  0.00954  7.00014     14.15697  1.88169  0.99422   4.2398  0.30918     0.01467  4771.86166   5641.73188  0.19425         2565.31123     19.35985  0.01272  60310.99593   0.5759  0.04044  4155583.24242  44.23455   17.4537  60386.64228    50.53788       43.62217   57.04363  60.77177   55.5    0.11882  -19.98955  0.99042 
  -14.19287  0.01425   6.3429     13.93001   1.6245  1.46339  4.66853   0.2789     0.01159  4768.53562    5390.8715  0.40858         3920.96598     16.47236    2e-05  60310.46096  0.63325  0.06651  8377185.40548  43.95189  17.45268  60388.52866    50.47085       43.54425   60.81453  61.70171   56.5    0.12351  -19.99873  0.98373 
  -14.93378  0.00107  7.14079     15.05597  2.03425  0.12241  5.39096  0.30496     0.01012  4657.51408    5426.8406  0.28116         3493.52605     17.15473    8e-05  60309.72005  0.69759  0.00575    74432.89247  45.99799   17.4759  60388.52866    50.50697       43.58013   60.33439  62.21984   55.0    0.11251   -19.9691  0.99873 
  -16.83602  0.00186  5.40476     14.92979  1.43727  0.10448  5.27715  0.30713     0.01126   4510.4454   5352.44636  0.32333         2221.89609     18.52226  0.00185  60307.81781  0.64042   0.0098    53866.94676  46.22951  17.46374  60387.15333    50.50075       43.57092   60.33439  62.45831   55.5    0.11001  -19.95313  0.99793 
  -14.86668  0.00281   6.5419     14.18425  1.91467  1.00514  5.54447  0.32348     0.01063  4774.41442   5523.40555  0.53633         2365.82103     20.13158  0.07522  60309.78714  0.75392  0.01555  3257017.39604  44.40671  17.45004  60387.15333    50.48163       43.55733   60.33439  62.21984   56.5    0.10889  -20.01235  0.99687 
  -15.04726  0.04087   5.8732     14.06114  1.48703  1.09773  6.33533  0.26776     0.01094  4841.76905   5688.66256  0.10382         3600.60562     19.30078   0.0111  60309.60656  0.88594  0.25893  3594224.01959  44.34781  17.47337  60386.57277    50.46201       43.53819   58.92908  61.67298   55.5    0.11111  -19.95078  0.94241 
  -14.82729  0.00252  7.37993     14.16344  2.10484  1.10861   4.2222  0.33776     0.01109   4605.0548   5675.42468  0.16764         2982.28657     16.41107    1e-05  60309.82654  0.53412  0.01065  5014765.72181  44.15571  17.47228  60387.15333    50.47214       43.53788   58.92908  63.58716   55.5    0.11845  -19.96157   0.9976 
  -14.12055  0.07468  6.36704     14.34882  1.59222  0.48254  4.96232  0.29634     0.01196  4737.16655   5590.50933  1.39292         2102.74646     16.57419    2e-05  60310.53328  0.66428   0.3706   1202390.5009  44.78293  17.44008  60386.57277    50.49057       43.58242   58.44894  58.44894   55.5    0.11812   -19.9576   0.9144 
  -13.65969  0.00364  6.28552     14.03671  1.64596   1.4168  5.85446  0.29324     0.01306  5156.12726   5513.14977  0.00704         3013.60984     19.12368  0.00739  60310.99414  0.92846  0.02132  5099163.30216  44.18108  17.47832  60387.15333    50.47021       43.53362   54.67804  65.99074   55.0    0.11517  -19.98278  0.99504 
  -16.18638  0.00251  6.10451     14.08559  1.61862  0.86828   4.7557  0.30962     0.01021  4488.51631   5814.67487  0.06777         4328.74873     17.44804  0.00016  60308.46744  0.57154  0.01192  3776528.67907   44.3296  17.47965  60386.64228    50.50597       43.59034   58.44894  60.33439   55.5    0.11234  -19.93515  0.99728 
  -15.27935  0.01641  7.33923     14.75888  2.17738  0.31482  6.00441  0.33707     0.01267  4939.08022   5439.27867  0.02333         4723.72109     19.42266   0.0147  60309.37448  0.87375  0.09854   330592.67676  45.35619  17.43635  60387.15333    50.47849       43.55679   58.92908  62.21984   56.0    0.10726  -19.97544  0.97997 
  -13.64213  0.04172  6.63334     14.68678  1.74957  0.26048  6.41009   0.2791     0.01046  5021.40195   5532.33721   0.7959         2166.06992     18.33233  0.00119  60311.01169  0.96414  0.26741   302441.95402  45.38767  17.48076  60388.52866    50.49756       43.57231   58.44894  62.45831   55.0    0.11403  -19.96337  0.94049 
  -16.03039  0.00179   6.2954     14.65829   1.7098  0.24188  5.13915  0.28568     0.01097  4623.25589   5710.55258   0.0011         3020.40303     17.47302  0.00017  60308.62344  0.65526  0.00922   303550.02485  45.42151  17.44099  60387.15333     50.4839       43.56048   60.33439  62.21984   54.5    0.11797  -19.96784  0.99796 
  -15.20405  0.02953  5.49942      13.9015  1.38408  1.00738  4.73956  0.33346     0.01179   4983.2611   5495.52494  2.86629         2195.30729     17.80904  0.00036  60309.44978  0.70209  0.13995  6117927.46859  44.14277   17.4486  60386.64228    50.47897       43.55374   60.81453  61.70171   56.5     0.1169  -19.99648  0.96794 
  -13.95773  0.00197  6.71403     14.16861  1.84607  0.97137  5.20239  0.28904      0.0107  4608.40348   5516.21721  0.46787         2320.97061     18.53557  0.00191   60310.6961  0.65907  0.01023  3554723.18836  44.33032  17.48198  60387.15333    50.47212       43.54018   58.92908  63.54266   56.0     0.1156  -19.95638   0.9977 
  -13.93944  0.00343  6.43834     14.30464  1.73627  0.50491  3.70873  0.33264     0.01324  4576.79542   5988.94554  0.95678         2486.25306     20.06784  0.06495  60310.71439  0.46342  0.01273  1643214.53064  44.67522  17.43132  60387.15333    50.50073       43.58396   58.44894  61.71286   56.0    0.12037    -19.998  0.99709 
  -13.77688  0.00704  6.52219      14.2654  1.76458  0.59785  4.76773  0.33021     0.01277  5121.30818   5503.59673  0.39412         2662.56555     19.49951  0.01755  60310.87695  0.74593  0.03357  2053247.79408  44.57426  17.42903  60386.64228    50.49479       43.58174   57.04363  60.77177   54.0    0.12318  -20.02273  0.99236 
  -12.04622  0.00117  7.09323     14.73009  1.95837  0.25811  6.40574  0.27309     0.01081  5070.84078   5541.55688  0.90391         3793.92589     19.66568  0.02573  60312.60761  0.98255  0.00749   317113.80862  45.35784  17.41683  60386.64228    50.50723       43.58695   60.33439  59.82741   55.5    0.11905  -20.04655  0.99828 
   -14.0278  0.02836  6.96875     14.14499  1.88711  1.30566   5.1439   0.3118     0.01246  4868.09862   5703.99698  0.03732         4092.29552     18.92363  0.00466  60310.62602  0.72717  0.14586  4364584.06614  44.21839  17.45498  60387.15333    50.48073       43.55457   58.92908  62.21984   55.0    0.11761  -19.96943  0.96703 
  -13.46312  0.01039  6.43579     14.13104  1.57304  0.71344  3.76333  0.31271     0.01163  4242.52345   5762.53469  0.75722         4554.12526     16.64498    2e-05   60311.1907  0.40406  0.03911  3308868.81661   44.3287  17.40862  60386.57277    50.51094       43.59416   57.04363  60.69475   55.5    0.11971  -19.95934  0.98967 
   -13.7947  0.00446  5.93093     14.06848  1.63588  1.48745  6.39586   0.2731     0.01026  4827.40076   5748.75793  0.05207         3297.51235     18.42929  0.00149  60310.85913   0.8891  0.02853  3898103.86306   44.3455  17.40578  60387.15333     50.5158       43.60125   57.89981  60.57286   55.0    0.11475  -19.97593   0.9941 
  -14.86631  0.05147  6.78751     14.24982  1.78126  0.70648  5.16372  0.33608     0.01259  5019.26986   5346.64931  0.69018         2017.15128     17.12558    7e-05  60309.78752  0.77602  0.26575  2411752.17274  44.47382  17.46764  60387.15333    50.46969       43.53363   58.92908  64.10529   57.0    0.11261  -19.96925  0.93923 
  -15.73336  0.00277  6.15856     13.98883  1.66767  1.56078  4.44831  0.32867      0.0114  4525.59163   5629.35896  0.07863         4978.59143     16.41039    1e-05  60308.92047  0.54347  0.01232  6183435.00678  44.12077  17.39353  60387.15333    50.50313       43.59232   54.67804  60.77177   55.5    0.11625  -19.97637  0.99728 
   -11.5405  0.05769  6.38179       14.299  1.90955  1.32697  6.75914  0.31313     0.01181  5101.51882   5455.89184  0.33016         2335.14824     16.82376    4e-05  60313.11333  1.04934  0.38995  1822378.56094  44.67925  17.45398  60386.64228    50.49152       43.57288   57.04363  61.71286   54.5    0.10319   -19.9511  0.93162 
  -13.43381  0.00482  6.88337     14.20837  1.84986  0.96644   7.4166  0.22009     0.01057  5131.67677   5457.79107  0.42052         2157.93407     16.79435    3e-05  60311.22002  1.16507  0.03577  3117575.23696  44.36656  17.46561  60387.15333    50.48896       43.56212   57.04363  62.45831   53.5    0.11958  -19.98908  0.99168 
  -14.34192   0.0194   6.4277     14.47265  1.71282   0.4565  7.31151  0.27996     0.01354  5432.84171   5297.32981  0.10166           2303.957     16.00674    1e-05  60310.31191  1.28733  0.14186   745300.09273  45.01412  17.42633  60387.15333    50.49309        43.5717   56.56349  62.45831   55.5    0.10813   -19.9803  0.96867 
  -14.08848  0.01003  7.40207     14.66824  2.14746  0.33245  6.98398  0.32231     0.01006   5418.4896   5303.82296  2.04907         2157.33735     16.42756    1e-05  60310.56534  1.22317  0.07004   503453.78871   45.1601  17.46514  60386.57277    50.47462       43.55525   60.33439  60.33439   57.0    0.11426  -19.98825  0.98497 
  -14.31206  0.01052  6.22208     14.00554  1.57614  1.30895  6.24501   0.2624      0.0117  5041.63105    5565.5262  0.40565         2937.16309     17.50719  0.00018  60310.34177   0.9469  0.06573  5523374.64281  44.13636  17.43258  60387.15333    50.47995       43.56298   58.92908  61.65337   55.5    0.11387  -19.96865  0.98413 
  -11.89834  0.00141  5.47925      14.0781   1.5111  1.55346   6.1065  0.33678     0.01451  5199.01194   5677.84831  0.18645         3690.36199     19.54002  0.01926  60312.75548   0.9846  0.00858  2940027.07571  44.50235  17.44695  60387.15333    50.47872       43.55882   58.44894  60.57286   55.0      0.107  -19.97502   0.9983 
  -14.73285  0.00293  6.04162     14.89857   1.5768  0.12446  5.39753  0.26543     0.01067  4580.96365   5689.06116   0.1171         4909.77099     16.88699    4e-05  60309.92098  0.67567  0.01581    85261.93125  45.97356  17.46339  60387.15333    50.46958       43.54602   60.81453  60.33439   55.5     0.1143  -19.96916  0.99637 
  -14.82436  0.01992  5.91133     14.19121  1.65492  0.70902  4.21919  0.33841     0.01318  4685.16947   5619.92981  0.29956         2094.62358     20.15058  0.07858  60309.82947  0.55247  0.08403  2226042.55961  44.59672  17.43972  60386.57277    50.48022       43.55925   60.33439  60.57286   54.0    0.11754  -20.05308  0.98305 
  -13.62635  0.00292  6.62508      14.2986  1.91096  0.74778  5.62057  0.32364     0.01078  4859.34907   5545.95085  0.09396          5714.2966     18.64991  0.00248  60311.02748  0.79171  0.01642  1969050.27275  44.61346   17.4237  60386.57277    50.47659       43.55895   58.92908  60.57286   54.5    0.11216  -20.01434  0.99662 
  -14.42074  0.02622   7.5129      14.4775  2.12116  0.40525  4.50218   0.3007     0.01084  4890.24174   5578.80339  0.01917         2466.34961     17.37487  0.00013  60310.23309  0.64226  0.11806  1233105.61945   44.7528  17.47031  60387.15333    50.51408       43.60207   56.56349  60.33439   56.0    0.12929  -19.99216  0.97303 
  -16.21027  0.00357  6.21966     14.05277  1.69317  1.29114  5.13389  0.31296      0.0113  4626.93162   5574.24963  0.05461         4378.63659     18.67741  0.00264  60308.44356  0.65563  0.01835  4769991.73656   44.2315  17.41586  60388.52866     50.4831       43.55667   60.33439  62.21984   55.5    0.11285  -19.96346    0.996 
    -12.494  0.00195  6.61139     14.12391  1.76147  1.13194   5.8832   0.3301     0.01297  5343.41859   5495.92796  2.85963         2608.31558     17.86476  0.00041  60312.15983  1.00203  0.01148  4040711.98933  44.26768  17.44349  60386.64228    50.49021       43.56838   58.44894  62.21984   56.0     0.1123  -19.99479  0.99733 
  -16.48968  0.00776  6.57274     14.21912  1.82323  0.67655  4.36871  0.33446      0.0117  4751.63757   5540.30264  0.06855         3152.57742     18.76905  0.00326  60308.16415  0.58839   0.0339  2666346.85858  44.46828  17.48309  60387.15333    50.47467       43.55298   57.04363  62.21984   55.0    0.11829  -19.99707  0.99252 
  -14.70259  0.01206  5.92928     15.02142  1.62429  0.09514  4.57453  0.32103     0.01019  4473.99704   5533.10873  0.02507         3184.83466      18.8789   0.0042  60309.95124  0.54622  0.05518    48044.28637  46.25186  17.43949  60387.15333     50.4783       43.55546   60.81453  60.33439   55.0    0.11441  -19.96457  0.98842 
  -16.07311  0.00133  5.37047     15.16234  1.41106  0.05766  4.28189  0.32903     0.01192  4310.56507   5685.70015  0.05061          3130.9748     16.51665    2e-05  60308.58072   0.4746  0.00568    17893.92671  46.70566  17.45509  60386.64228    50.47049       43.54678   60.33439  61.67298   55.0    0.11304  -19.94067  0.99878 
  -13.58528  0.00151   7.0096     14.78385  1.93344  0.23407  4.48138  0.33379     0.01458  4785.22662   5644.81405  0.02154          3186.2691     17.35824  0.00013  60311.06854  0.61213  0.00679   238690.81763  45.48595  17.45002  60387.15333    50.49002       43.57223   60.33439  59.82741   55.0    0.11803  -19.96734  0.99846 
  -14.04141  0.01677  6.34656     14.18408  1.65157  0.69939  5.09288  0.33813     0.01228  5057.22829   5545.66217  0.77115         2106.49632      17.3757  0.00013  60310.61242  0.77699  0.08541  2646269.41912  44.45903  17.44615  60387.15333     50.4952       43.56571   60.33439  62.21984   56.5    0.11874  -19.96046  0.97998 
  -14.79904  0.00176  7.52426     14.15263  2.08209  0.98796  3.68451  0.33273     0.01345  4702.80067    5606.2259  0.55158         2727.58556     16.53094    2e-05  60309.85479  0.48609  0.00647  5419783.22162  44.10044  17.46103  60387.15333    50.46962       43.53734   58.92908  63.54266   57.0    0.12554   -19.9738  0.99844 
  -13.52687  0.02013  5.84534     14.19372  1.65594  0.69335  4.22341    0.326     0.01465  4834.00509   6128.94102  0.22379         2984.79462     20.43639  0.15175  60311.12696  0.58871  0.08503  2152979.11032  44.62123   17.4849  60388.52866    50.47244       43.54584   58.92908  62.21984   55.5    0.12162  -20.11987  0.98325 
  -14.64314  0.04001   6.4555     14.93389  1.76822  0.15352  5.72057  0.33189     0.01006  4664.48477   5460.90582  0.42708         3430.19309     16.22163    1e-05  60310.01069  0.74246   0.2289    92773.32275   45.9291  17.48361  60387.15333      50.446       43.51429   60.33439  63.47353   57.0    0.10927  -19.93586  0.95215 
  -14.60417   0.0037  5.82413      15.1727  1.55434  0.07123  6.31592  0.30556     0.01197   5100.7117   5553.07444  0.09691         2259.01032     17.29724  0.00011  60310.04966  0.98022  0.02336    22101.93578   46.5855  17.42883  60387.15333    50.48087        43.5592   54.67804  63.53882   55.0    0.11428  -19.97129  0.99495 
  -16.73924  0.00165  6.22607     14.87395  1.64529  0.12286  5.13091  0.28792      0.0104  4685.92799   5571.03734  0.12361         3683.79406     18.72769  0.00297  60307.91459  0.67207  0.00848   105823.89275  45.87208  17.44588  60387.15333    50.49872       43.57216   60.33439  61.65337   56.5    0.12148  -19.96059  0.99803 
  -13.59784  0.00556  6.21999     15.12946  1.63656   0.0719  4.46467  0.26282      0.0117  4474.47456   5667.27688  0.21792         4944.97346     19.95256  0.04981  60311.05599  0.53321  0.02482    32389.75454  46.38479  17.42711  60386.64228    50.48005       43.56331   58.92908  60.57286   54.5    0.12299  -20.02331  0.99426 
  -15.77673  0.00142  6.04781      14.9915  1.59491  0.08722  3.96689  0.33933     0.01278  4594.09598   5662.64008  0.00127         2739.45077     18.98706  0.00539   60308.8771  0.49943  0.00565    56331.37888  46.15763   17.4848  60386.57277    50.48146       43.55559   62.21984  60.57286   55.5    0.12224   -19.9635   0.9987 
  -14.10777   0.0073  6.45346     14.88837  1.82809  0.13903  4.00038  0.33247     0.01021  4494.50685   5567.57142  0.03731         4139.64271     17.64187  0.00024  60310.54606  0.48205  0.02919   118208.97328  45.83861  17.44602  60386.57277    50.48981       43.57109   58.44894  60.77177   54.0    0.12619  -19.98764  0.99383 
  -14.40067  0.02842  6.66063      14.4938  1.80797  0.34557  4.44394  0.33733     0.01104  4798.62934   5780.13818  0.09233         3894.80759     17.09236    7e-05  60310.25316  0.61042   0.1263   766379.85079  44.99456   17.4578  60387.15333     50.4811        43.5564   58.92908  61.65337   56.0    0.12692  -19.98079  0.97165 
  -15.60698  0.00222  6.95114     14.04074  1.93438  1.48872  4.13024  0.33916     0.01071  4646.64417   5632.29543  0.16561         2141.82701     18.68752  0.00271  60309.04685  0.53196  0.00917   7194375.7184  44.01428  17.41417  60386.64228    50.47698       43.55039   60.81453  61.70171   54.5    0.12077  -19.94634  0.99791 
  -14.04551  0.03889  5.57692      13.8619   1.3872    1.281  5.07812  0.28739     0.01011  4914.27627   5842.62087  1.89879         2552.13615     16.39721    1e-05  60310.60832  0.73156  0.19749  7567240.87884  44.03926  17.43912  60387.15333    50.50535       43.58241   60.33439  61.67298   55.5    0.12266  -20.00339  0.95438 
  -11.99396   0.0224  6.02425     14.08638  1.59765  1.53983  4.87976  0.28246      0.0163   4656.5668   5624.53636  0.71904         2346.34122     18.84524  0.00389  60312.65987  0.63119  0.10933  3616931.11143  44.35418  17.44259  60388.52866    50.48787       43.56038   58.92908  62.21984   55.0    0.11043  -19.97296  0.97634 
  -13.22965   0.0037  6.93096     14.31453  1.89698  0.76703  5.68007  0.29901     0.01372  5039.08011   5495.41122  0.20895         2387.35204     17.28984  0.00011  60311.42418  0.86037  0.02099  1987925.78378  44.56692  17.45496  60387.15333    50.48184       43.55941   58.92908  61.65337   54.5    0.11518  -19.97129  0.99522 
  -14.74245  0.10394  6.92178     14.43472  1.83346  0.43354  3.91624  0.31602     0.01047  4382.99096   5826.97677  0.03293         5088.71895     17.70009  0.00028  60309.91138  0.44878  0.40705   1101741.2595   44.8096  17.42865  60387.15333    50.49541       43.58966   56.56349  60.33439   56.0    0.12019  -19.95006  0.90979 
   -14.1037  0.04825  6.14037     14.36081  1.67188  0.40869  4.55881  0.33435     0.01034  4938.38907   5690.34504  0.02764         3166.31617     19.11998  0.00732  60310.55012  0.66321  0.21996  1111178.76848  44.86988  17.50457  60388.58643    50.57483       43.66625   54.23492  60.78884   54.5    0.12768  -20.02289  0.95365 
  -15.06607  0.00764  6.26449     14.02783  1.73837  1.36403  4.54276  0.33346     0.01069  4605.02696   5744.09609  0.02788          2515.2738     19.36224  0.01279  60309.58776  0.57466   0.0347  5572610.94547  44.16916  17.43639  60386.64228    50.48218       43.57023   58.92908  59.82741   55.0    0.11537  -19.97644  0.99259 
  -14.56671  0.28907  6.18268     14.23937  1.32062  0.38039  4.52755  0.30512     0.01206  5312.58918   5542.18313   0.0231         5211.91321     17.81695  0.00036  60310.08712  0.76226  1.30877    1556676.869  44.61507  17.44084  60387.15333    50.49868       43.58213   58.92908  59.82741   57.5    0.12577  -20.01302  0.70075 
  -13.96121  0.03849  5.53494     14.10675  1.58384  1.03212  5.85841  0.29269     0.01085  4827.47064   6118.16315  0.13044         4574.60287     20.38829  0.13584  60310.69261  0.81442  0.22549  2755801.26129  44.54208  17.42076  60386.57277    50.47941       43.55719   58.92908  61.67298   55.5    0.11308  -20.08745  0.95897 
  -12.55941  0.00184  5.67756     14.73522   1.5527  0.20235  6.39537  0.32937     0.01319  5352.40108   5373.70773  0.04884         3529.62989     18.96328  0.00511  60312.09442  1.09292  0.01178   157322.97326  45.75482  17.42276  60386.57277    50.48578       43.56354   58.92908  60.57286   54.0    0.11388  -20.00783  0.99758 
  -13.56915  0.00299  6.02666     13.97423  1.54795  1.28384  6.54183  0.25213     0.01007  5035.13772    5385.0088  1.04742         2019.35514      17.7623  0.00032  60311.08468  0.98935  0.01956  5878375.94209  44.12919  17.45695  60387.15333    50.48404       43.56345   58.92908  60.57286   54.5    0.11443  -19.97075  0.99538 
  -13.11494   0.0067  6.15128     14.82843  1.67785  0.18869  4.68902  0.31727      0.0144  4641.44475   5657.57341  0.55815         2126.69636     16.89637    4e-05  60311.53889  0.60258  0.03143   129908.97908  45.80203  17.42288  60386.57277    50.50288       43.60394   58.44894  57.95144   55.0    0.11176  -19.95923  0.99329 
   -14.5703  0.01779  7.54531     14.30764  1.94567  0.71052   4.1942  0.33669     0.01228  4276.95167   5735.23717  0.71979         5068.49993     19.56772  0.02053  60310.08353  0.45766  0.07461  2494335.66273   44.4056  17.44383  60387.15333    50.48205       43.55559   58.44894  62.21984   58.5    0.11198  -19.96877  0.98066 
  -14.02269  0.00755  6.01764     14.32677  1.60166  0.57077  5.23836   0.2871     0.01252  4616.48232   5800.32236     0.16         2678.28221     16.43102    1e-05  60310.63114  0.66595  0.03954  1195905.30241  44.83687   17.4356  60386.57277    50.49825       43.58673   58.44894  60.33439   55.5    0.11285  -19.94545  0.99133 
  -14.80138  0.00874  6.53805     14.02833  1.74443  1.34944  5.01193  0.30931      0.0115  4951.15106   5774.81267  0.25146         2142.58348     17.16954    8e-05  60309.85245   0.7329   0.0438  6077306.38632  44.09589  17.43407  60386.64228    50.54169       43.63127   55.15818  60.33439   54.0    0.12555   -19.9777  0.98985 
  -13.87265  0.00629  7.19722     14.30012  2.02435  0.75469  5.44425  0.29319     0.01078  4852.64692   5465.08605  0.29881         2827.84641     18.40274   0.0014  60310.78118  0.76476  0.03427  2444541.52923   44.4726  17.44819  60386.57277     50.4986       43.59021   58.44894  58.44894   55.0    0.12045  -19.98753  0.99233 
  -11.15516    0.021  5.26493     14.05683   1.4039  1.21892   7.3857  0.23746     0.01152  5035.91913   5713.37663  0.33014         2073.89535     17.39961  0.00014  60313.49867  1.11732  0.15508  2781516.12035  44.52912  17.47501  60388.52866    50.46855       43.53756   58.92908  63.54266   54.0    0.10864  -19.99143  0.96925 
  -13.31452  0.00124  6.18593     13.94261  1.63408  1.47735  4.41653  0.33381     0.01118  4793.21279   5552.53527  3.34588         2222.72462      17.2216    9e-05  60311.33931  0.60529  0.00546  7562672.87938  44.02063  17.48575  60387.15333    50.47925       43.55308   57.04363  63.53882   55.5    0.11906  -19.97236  0.99873 
   -14.4332  0.01632  5.68081     14.52885  1.50669  0.23523  4.49159  0.33512     0.01023  4771.27675   5702.44236  0.06419         3563.57818     18.01437  0.00057  60310.22063  0.60995  0.07329   395339.01392  45.34108  17.41107  60386.64228    50.47838       43.53343   60.81453  65.35083   54.0    0.12151  -19.98707  0.98407 
  -14.46441  0.00217  6.58043     14.73495  1.85009  0.20984   4.3937   0.3349     0.01039  4535.80824   5648.70822  0.06469         3816.71615     18.38616  0.00135  60310.18942  0.53922  0.00952   252128.40496  45.49791   17.4034  60387.15333    50.51607        43.6049   58.92908  58.88632   55.0    0.11911  -19.96694  0.99794 
  -14.30167  0.03167  6.03049     14.33774  1.57681  0.40484  5.25872  0.33388     0.01044  5137.35062   5415.60095  0.12988         2772.12358     19.02692  0.00591  60310.35216  0.82791  0.16654  1124145.40366   44.8551  17.44082  60387.15333    50.47157       43.54957   60.81453  61.65721   55.5    0.12636  -19.98101  0.96269 
  -11.02732  0.04945  5.63646     14.32226  1.31049  0.47201  7.06603  0.26726     0.01231  5192.19758   5492.07536  1.57452         3185.17326     18.38291  0.00134  60313.62651  1.13633  0.34945   876496.35179  44.94152  17.44701  60387.15333    50.48391       43.56637   58.92908  60.33439   57.0    0.10673  -19.94153  0.91622 
  -14.81775    0.005  6.63811     14.27037  1.86629  0.79307  5.12942  0.29495     0.01105  4532.60869   5752.63439  0.27273         2560.60755     18.81222  0.00361  60309.83608  0.62863  0.02567  2198558.47405   44.5536  17.45972  60386.57277     50.4758       43.55778   58.44894  61.71286   55.0    0.11592  -19.96217  0.99452 
  -14.42545   0.0012  7.06594     14.41445  1.95644  0.56138  5.71254  0.29558     0.01023  4722.25909   5660.62494  0.26059         4171.12696     18.88251  0.00424  60310.22838   0.7599  0.00686  1344995.24245  44.73325  17.43779  60386.57277    50.46805       43.55382   58.44894  60.57286   55.5    0.11675  -19.95641  0.99844 
  -13.27872  0.00127  6.81717     14.34016  1.89193  0.67876  4.75714  0.31916     0.01176  4629.26576   5651.81252  0.24889          3462.0663     16.04553    1e-05  60311.37511  0.60813  0.00606  1704558.98893  44.64693  17.46762  60386.57277    50.48302       43.55813   58.44894  62.21984   53.5    0.11924  -19.95947  0.99866 
   -12.1869  0.00288  6.46795     14.20678  1.81616  1.36109  7.25743  0.26521      0.0129  5125.52242   5859.03774  0.23875         3294.79282     18.26269  0.00102  60312.46693  1.13733  0.02089  2722290.84318  44.47153  17.46921  60386.64228    50.47954       43.56494   58.92908  59.82741   55.0     0.1079  -19.95586  0.99563 
  -13.14905  0.00925  6.67735     14.21222  1.70549  0.71526  6.99514  0.19934     0.01026  5010.65073   5608.50196  0.48053         2482.61285     17.08258    7e-05  60311.50478  1.04764  0.06471  2657193.32561  44.42706   17.4495  60388.52866    50.48873       43.56382   56.56349  63.55843   55.5     0.1159  -19.98371  0.98395 
  -15.59065  0.01347   6.7042     14.69306  1.86965  0.20967  3.98749   0.3026     0.01104  4475.55952   5679.45734  0.31343         2141.52216     18.05211  0.00063  60309.06318  0.47645  0.05371   320728.92652  45.38177  17.45999  60386.57277      50.468       43.54394   58.92908  61.65337   56.5    0.12386  -19.98626  0.98811 
  -13.60993  0.00121  7.27792     14.19765   1.9466  1.18565  8.56149  0.19332     0.01012  5126.93809   5484.44673  0.30691         2720.87359     16.18734    1e-05   60311.0439  1.34243  0.01036  3853163.07957  44.24829  17.40138  60386.57277    50.48482       43.57997   58.92908   58.8093   55.5    0.10887  -19.96258  0.99749 
  -13.33569  0.02612  6.90804     14.34129  1.84154  0.70096  5.09134  0.32315     0.01474  4919.71981   5722.00073  0.16565         4074.45491      17.4721  0.00016  60311.31814  0.73509  0.13297  1694829.00933  44.62619  17.45729  60387.15333    50.47253       43.54566   58.92908  62.21984   55.0    0.11279  -19.96408  0.96945 
