 texplosion  fnickel    Pspin  log(Bfield)      Mns  thetaPB  mejecta    kappa  kappagamma     vejecta  temperature    alpha  cutoff_wavelength  log(nhhost)      A_V         MJD0  kenergy  mnickel            TSD   log(L0)  Peak_mag     Peak_MJD  log(E_rad)  log(Peak_lum)  Rise_Time    E_fold  tau_1  delta_m15     r_peak     frac 
   -5.74874  0.33834  3.20361     13.75159  2.02642  1.42064  1.30284  0.12525     0.01307    2934.064   8081.49716  0.49633         3820.17845     20.94223  0.48636   60441.5893   0.0669  0.44081  6062392.56334  44.78165  18.25454  60509.21319    51.35006       44.58884   32.73055  45.94407   86.5     0.0688  -20.78074  0.98055 
   -6.74233  0.34009  3.66186     13.84528  1.65348  1.53443  3.11839  0.08479     0.01124  3130.48123   7225.94731  0.23846         5509.10009     20.49634  0.17421  60440.59571   0.1823  1.06053   4198091.6153  44.73679  18.23952  60509.21319    51.20629        44.4001   35.32368  49.59745   84.5     0.0811  -20.51349  0.92342 
   -5.83028  0.42344  4.14396     14.16818  1.67857  0.64952  4.14538  0.08898     0.01091  3136.42961    7054.1649  0.53353         4458.14989     20.51999  0.18396  60441.50776  0.24326  1.75534  1233740.04663  45.16773  18.24405  60510.32211    51.16372       44.35125   36.50179  50.73425   84.0    0.09238  -20.52553  0.85413 
   -5.34997  0.47946  2.56705     13.79631  1.44634  0.67548  1.33181  0.12367     0.01422  2745.23477     6955.967  0.45745         4724.13339     20.90477  0.44617  60441.98807  0.05987  0.63855  2261207.36095  45.25591    18.217  60510.32211    51.09429        44.2519   40.21254  54.79626   92.5    0.06511  -20.74601  0.97062 
   -7.01129  0.41146  2.51812     13.71883  1.56742  0.86507   1.6758  0.14319     0.01049  2794.97026   7427.87053  0.56809          4043.2876     21.01656  0.57715  60440.32675  0.07809  0.68952  3368906.16608  45.13439  18.23701  60509.21319    51.20581       44.38773   38.50653  50.93797   90.0    0.07976  -20.88922  0.97283 
   -6.93508  0.19646  3.75471     13.86015  1.72764    1.357  4.24019  0.08197      0.0138  3762.04726    6942.0146  0.32603         3016.37875     20.71802  0.29023  60440.40296  0.35798  0.83302  4306462.08764  44.72303  18.23935  60509.21319    51.26005       44.51039   30.26459  43.56562   84.0    0.08673  -20.63002  0.93957 
   -8.22184  0.30849  2.92353     13.79491  1.52487  1.37691  4.61286  0.07921     0.01142   3468.6451   6841.77844  0.23486          4090.3022     20.84779   0.3913   60439.1162  0.33107  1.42302  3111993.67288  45.02723  18.24887  60509.21319    51.23478       44.44129   33.39836  47.68462   87.0    0.08398  -20.71315  0.92643 
   -4.95016  0.44921   3.1329     13.98291  1.66395  0.62504  2.28607  0.08078     0.01305  3178.05742   7306.59938  0.38154         4206.18734      20.8657  0.40778  60442.38788  0.13773  1.02693  1640662.30369  45.28307   18.2357  60511.10544    51.04984       44.18935   41.96617  57.14947   88.5    0.07043  -20.69472  0.94474 
   -6.03392  0.35615  3.13328      14.0226  1.68267  0.66354  3.37793   0.0915      0.0131  3526.22803   6985.96209  0.61917         2140.67744     20.82199  0.36874  60441.30412  0.25055  1.20304  1382342.23905  45.36223  18.24316  60510.32211    51.23196       44.43658   34.72661  48.73023   88.5    0.07857  -20.68633  0.93737 
   -6.67193  0.20539  3.27702       13.805  1.47769  0.91905  3.57784  0.09487     0.01158   3434.0191   7141.66546  0.77364         3090.55886     20.80717  0.35636  60440.66611  0.25168  0.73484  3617032.75825  44.84912  18.23069  60509.21319     51.0827       44.24364   38.37223  54.71125   84.0    0.08894  -20.68988  0.94789 
   -6.55188  0.19409  3.48302     13.87444   1.6493  1.18801  5.04876  0.05643     0.01011  3649.89661   7170.34273  0.10623         5732.72533     20.65545  0.25129  60440.78616  0.40121  0.97989  3312514.03245  44.88208   18.2335  60510.32211      51.186        44.3702   37.24901  51.29391   82.5      0.086  -20.60372  0.93511 
   -8.37066  0.33324  4.38473     13.98785  2.01707  1.41337  4.94233  0.06875     0.01093  3798.69035   6901.79066  0.18552         2000.84139     20.59199  0.21713  60438.96738  0.42543  1.64697  3808168.19682  44.70896  18.23717  60510.32211    51.13167       44.32708   35.32368  50.05849   83.0    0.08386   -20.5608  0.87939 
   -5.81435  0.41145  2.72429     13.56223   1.3821  1.11651   1.4241  0.14244     0.01056  2652.35646   8132.77394  0.74844          4304.3232     20.92313  0.46543  60441.52369  0.05976  0.58595  7151640.83149  44.68447  18.24967  60510.32211    51.14352       44.30745   40.43186  53.15035   86.5    0.08072  -20.77357  0.96696 
   -5.46202  0.48037  3.11298     14.11843  1.50803  0.77852  5.17022  0.08259     0.01157  3250.00469    6793.4357  0.31059         5176.32575     20.59781  0.22006  60441.87602  0.32576   2.4836   786526.91387  45.56519  18.24821  60508.33148    51.07667       44.23743    36.5551  54.01768   88.0    0.09657  -20.56533  0.86372 
   -7.12136  0.35509  3.72812     14.35848  1.71027  0.50546   7.8952   0.0596     0.01013  3789.12101   6668.94135  0.17181          3793.2593     20.60971  0.22617  60440.21668  0.67619  2.80349   423542.68096  45.73203  18.23808  60510.32211    51.03818       44.17083   41.85475  58.04918   85.5    0.09714  -20.55987  0.82505 
   -5.80954  0.48113  3.01121      13.9886  1.85333  1.21285  5.43839  0.07438     0.01061   3642.6555   6688.03583  0.39129         2406.59689     20.88628  0.42757   60441.5285  0.43046  2.61657  1644565.57232  45.36326  18.24076  60511.27717    51.17658       44.37037   36.09061  51.72342   88.5    0.08702  -20.76534  0.89719 
   -7.48363  0.28553  2.70308     13.78767  1.49336  0.81667  2.36293  0.14108     0.01247  3034.43595   7247.72687  0.99866         2845.10877     20.96791  0.51598  60439.85442  0.12979   0.6747  2693767.92306  45.14893  18.24094  60508.33148    51.13572       44.34982   31.45236  47.22226   91.0    0.08293  -20.82379  0.96745 
   -6.37834   0.4634   4.8467     13.98916  1.95963  0.96181  2.73648  0.09438     0.01323  3420.04034   6947.18433  0.40699         4581.80273     20.48839  0.17105  60440.95971  0.19093  1.26808  4493241.15308  44.53757  18.24602  60508.94907    51.31767       44.52344   37.24901  48.13316   82.0    0.07855    -20.529  0.87891 
   -6.76808  0.49245   3.5431     13.88001  1.65961    1.105  3.08717  0.11277     0.01206    3066.337   7045.56363  0.72398         3682.81549     20.81205  0.36039  60440.56997  0.17315  1.52028  3361850.95459  44.86351   18.2371  60510.32211     51.3507        44.5592   35.90544   46.8836   88.0    0.08498  -20.68156  0.90034 
   -6.63366  0.36756  3.32121     13.83589  2.06867  1.09183  1.43507   0.1587     0.01543  3137.61641   7528.68078  0.66486         2757.18572     20.92866   0.4714  60440.70438  0.08428  0.52747  4511507.57951  44.88762  18.24321  60507.28253    51.29735       44.52233   33.57177  46.20784   89.0    0.07594  -20.78169  0.97594 
   -6.25728  0.01074  3.67654     13.87576   1.7039  0.89583  4.18645  0.07931     0.01021  3432.74445   6858.64137  0.85168         3161.95131     20.81182  0.36021  60441.08076  0.29428  0.04498  3789810.44234  44.79079  18.23436  60510.32211    51.04727       44.21826   37.24901  51.98381   85.5    0.08434  -20.68946  0.99657 
   -6.54831  0.21286  2.68841      13.7804  1.29326   0.9158   3.3839  0.09468     0.01173  3105.67959   7688.40723  0.36907         4760.79265     20.76761  0.32534  60440.78973   0.1947   0.7203  2386076.99757  45.14386  18.25497  60508.94907    51.18408       44.39144   32.12016  48.96281   84.0    0.08983  -20.66028  0.95822 
   -7.95486  0.40063  3.28601     13.78819  1.48111  1.27544  4.01136  0.08531     0.01222  3535.58628   7290.62729  0.21627         4022.08696     20.73367  0.30088  60439.38318  0.29912  1.60708  3938690.66614  44.81074  18.22679  60510.32211    51.11236       44.25043   44.34117  56.37215   83.5    0.08307  -20.62227  0.89346 
   -5.41609  0.47271   4.4899      13.9486  1.81741  1.10082   4.1666  0.06648     0.01208  3805.96282   6608.06005  0.41382         2933.42076     20.57009  0.20645  60441.92195  0.36003  1.96958  4310695.60915  44.58928  18.24858  60510.32211    51.29528       44.52824   32.12016  45.41456   85.0    0.07894  -20.55001  0.83112 
   -5.92779   0.4072  3.43828     13.99578  1.88851  0.90368  2.28561  0.14293     0.01361  2872.98519   6628.79221  0.69862         3366.49927     20.81866  0.36592  60441.41025  0.11254  0.93071  2113735.89651  45.14723  18.24127  60511.10544    51.05921       44.21065   39.17433  55.83447   91.5    0.08193  -20.67202  0.95026 
   -6.15619  0.49269  4.99066     14.15457  1.97606  0.88319  5.67489  0.05789     0.01282  4169.32284   6619.12921  0.13581         2890.40831     20.57269  0.20769  60441.18186  0.58846  2.79594  2242779.63904  44.81754  18.23737  60509.21319    50.87664        43.9777   39.34775  67.38643   86.0     0.0888  -20.55755  0.76302 
   -6.90707  0.02643  4.71888     13.92547  2.03545  1.42045  2.12147  0.17291     0.02283  3559.79957   6548.61317  0.76866         3011.45146     20.55797  0.20077  60440.43097  0.16037  0.05608  5932228.32007  44.45661   18.2441  60510.32211    51.04403       44.19968   38.33212   54.5849   84.0    0.08926  -20.54125   0.9946 
   -6.82081  0.17932   3.1597     13.89008  1.58931  0.79724  3.36124  0.10655     0.01082  3167.28692   7088.92406  0.84782         2904.13297     20.83398  0.37906  60440.51723  0.20114  0.60273  2444285.00834  45.08261  18.22579  60509.21319    51.10532       44.26316   40.08475  54.92405   87.0    0.08357   -20.7039  0.96397 
   -6.08835  0.36144  2.41532     13.77587  1.53695  1.53016   2.5668  0.11271     0.01396  2998.70895   7147.56232  0.25736         4711.30786     20.85545  0.39827  60441.24969  0.13769  0.92775  2337141.74699  45.32087  18.22965  60509.21319     51.2238       44.40982   38.30701  50.92581   92.0    0.08524  -20.71183  0.96647 
   -5.69181  0.41157  3.28348     14.21924   1.8835  0.55787  4.36322  0.08187      0.0106  3259.80787   6971.76617  0.48488         3145.89804     20.83835  0.38289  60441.64623  0.27658  1.79577   687028.08835  45.67417  18.23315  60511.10544    51.02871       44.17621   38.30701  58.62712   91.5    0.08457   -20.7031  0.91598 
   -6.34656  0.49058    3.326     13.90404  1.64556  1.26055  4.61625  0.07054     0.01163  3693.29967   6976.51448  0.16846          2766.6749     20.72457  0.29465  60440.99148  0.37562  2.26466   2629656.8521  45.02142   18.2218  60509.21319    50.90006       43.98639   48.80097  63.53577   86.0    0.08545  -20.62138  0.87286 
   -4.87045  0.44337  4.05906     14.04744  1.73541    1.397  7.02957  0.06744     0.01046  3613.68672   6001.13383  0.81932         2647.89348     20.60342  0.22292  60442.46759  0.54759  3.11669  2133942.94474  44.96221  18.23578  60509.21319    50.99456       44.13354   39.17433  58.05989   92.5    0.08586  -20.56167  0.78474 
   -6.97833   0.4327  3.36947     13.86674  1.71596   0.8619  2.04445  0.14187     0.01031  2712.72587   7507.16142  0.87623           3641.277     20.86037  0.40281  60440.35971  0.08975  0.88464  3341731.80219  44.92426   18.2312  60508.94907    51.36249       44.57062   36.57325   46.8836   88.0    0.08181  -20.71745  0.94686 
   -6.68372  0.25355   3.7066     14.18611  1.83046  0.53219  5.40598  0.05773     0.01036  3839.36585   7231.07076  0.15152         3301.27801     20.76243  0.32148  60440.65432  0.47536  1.37066   991059.57576  45.39735  18.24808  60508.33148    51.34722       44.56582   34.72661  46.44003   83.5    0.08303  -20.66768  0.91394 
   -6.03897  0.27313  2.97415     13.84099  1.69194  1.41164  2.85023  0.07843     0.01129  2902.95677   6839.80883  0.24061          5923.6441     20.70548  0.28198  60441.29907  0.14328  0.77847  2890322.69952  45.08956  18.24557  60508.33148    51.30554       44.50817   36.57325  48.80892   94.0    0.07686  -20.60471  0.96299 
   -7.46255   0.3975  3.60212     13.99652  1.88478  0.93846  3.68263  0.10005      0.0113  3303.18918   7594.94968  0.63107         2946.68991     20.82912  0.37484  60439.87549  0.23969  1.46384  2307587.66669  45.06783  18.23476  60508.94907     51.0551       44.21935    36.6252  54.53295   85.0    0.08386  -20.69441  0.91683 
   -6.66986  0.45962  5.32574     14.03179  1.98079  1.52667  3.70092  0.12695     0.01238   3186.3875   6859.65446  1.35627         3297.66641     20.49194  0.17245  60440.66818  0.22415  1.70101  4506493.80151  44.45908  18.24444  60510.32211    51.21506       44.39155   38.53891   51.5734   83.0    0.08634  -20.50861  0.82252 
   -7.29392  0.46618  3.55152      13.7418  1.63503  1.43386  2.74522  0.11037     0.01104   3177.9669   7410.37225  0.61361         3921.67778     20.83671  0.38145  60440.04412  0.16539  1.27976  6288849.46653  44.58297  18.24069  60508.94907    51.30684       44.50705    36.6252  48.75697   85.0    0.08138  -20.70336  0.91132 
   -5.67372  0.46991  3.80647     14.29749  1.74182  0.66103  6.54904  0.07346     0.01063  3606.57069   6602.38565  0.29511         3513.70904     20.51874  0.18343  60441.66432  0.50815  3.07748   595499.75698  45.57392  18.23986  60509.21319    51.25148       44.46245   34.65588  46.20784   86.0    0.09475   -20.5219  0.80927 
   -6.37621   0.4111  3.74809      13.7989  1.51788  1.55489  3.18272  0.08713     0.01207  3294.25649   6695.81066  0.25298         4935.36888     20.39251  0.13716  60440.96183  0.20603  1.30841   4998785.1092   44.6036  18.22501  60509.21319    51.09582       44.27451   37.24901  51.29391   84.0    0.08486  -20.48473  0.89094 
    -6.5296   0.2612  4.36957     14.15045  2.00304  0.65837   2.8796  0.12966     0.01561  3480.41082   7100.60575  0.93567         2719.86596     20.68995  0.27207  60440.80844  0.20808  0.75215  1776160.18938  45.04017  18.24818  60510.32211    51.04321       44.20992   36.63473  53.47758   83.5    0.08444  -20.60669  0.94047 
    -7.9801  0.31049  4.17234     13.96859   2.1227  1.35646   2.9407  0.11441     0.01318  3157.29692   6849.06818  0.46886         3921.80705      20.7553  0.31624  60439.35795  0.17487  0.91306  3965414.10764  44.75669  18.22223  60511.27717    51.01257       44.15686   34.72661  56.43154   88.0    0.08362  -20.64876  0.93988 
   -5.97591  0.49298  3.80005     13.86804  1.62545  1.38017  2.77521  0.10308     0.01723  3505.92892   6986.54642  0.18914         5441.75536      20.5451  0.19491  60441.36214  0.20348  1.36811  4002033.73609  44.71796  18.22997  60511.22573    51.13455       44.31037   37.12343  51.98381   84.5    0.08753  -20.54304  0.89436 
   -6.78621  0.02047  3.15521     13.77469  1.93365    1.258  1.62712  0.13117      0.0121  3005.11256   7955.95934  0.69313         2559.76863     20.85724  0.39992  60440.55183  0.08765  0.03331  5045124.93304  44.85429  18.23587  60510.32211    51.11747       44.31815   34.65588  49.55698   86.0    0.07481  -20.69554  0.99845 
   -6.41558  0.34221  3.77611     13.97564  1.88397  0.87193  3.42785  0.09424     0.01169  3387.45518   6854.92945  0.75229         2763.88719     20.80541  0.35492  60440.92246  0.23464  1.17305   2790676.8067  44.94412  18.23746  60508.33148      51.182       44.38636   34.05881  47.28977   88.5    0.08089  -20.68302   0.9253 
   -6.46008  0.02997  5.04079     13.93542  2.14711  1.17019  2.44565  0.13636     0.01276  3153.74214    6795.4123  1.28106         3567.89318     20.66539  0.25711  60440.87797   0.1451  0.07329  6820739.29947  44.36187  18.23914  60509.21319    51.14408       44.33194   35.32368  50.05849   84.5    0.08832  -20.59992  0.99244 
   -5.78806  0.46599  4.29747     13.97611  1.72298  1.36318   5.8056  0.06062     0.01279  3901.37563   6529.72983  0.15323         4538.69214     20.59931  0.22082  60441.54998  0.52712  2.70536  3298433.13904  44.72039  18.23018  60509.21319    51.27171       44.50446    33.3269  44.42606   90.0     0.0879   -20.5702  0.78588 
   -6.37777  0.43386  2.96287     13.72475  1.70681  1.37239  2.23725  0.11055     0.01282  3284.52332    7566.5022  0.60316         2712.32485     20.92357  0.46591  60440.96027  0.14397  0.97066  4942369.84452  44.86367  18.24328  60508.94907     51.2581       44.46952   35.32368  48.13316   87.0    0.07599  -20.77534  0.95443 
   -4.69329  0.36431   3.4949     13.75224  1.33708  1.36036  5.19425  0.07645     0.01033  3610.88744   6642.81492  1.15113         2581.61146     20.65952  0.25366  60442.64475    0.404  1.89232  4746430.53449  44.63177  18.24039  60509.21319    51.15002       44.32873   38.30701  50.92581   87.0    0.08739  -20.58904  0.84337 
   -7.39127  0.24347    2.919     14.10658  1.54578  0.44666  3.24352  0.09387     0.01195  3147.47365   6856.62988  0.46988         3589.21331     20.85703  0.39972  60439.94677  0.19168  0.78971   748632.31085  45.65326  18.24857  60511.10544    50.97137        44.0888   44.30773   60.2838   92.0    0.08414  -20.70836   0.9585 
   -7.35847  0.39819  4.34468     13.89446  1.69072    1.552  4.14893  0.09878     0.01278  3448.60238    6616.9159  0.95131         3113.53705     20.60543  0.22395  60439.97957  0.29434  1.65208  4818110.80426  44.53812  18.24687  60510.32211    51.05815       44.23935   36.57325  51.96967   86.0    0.08826  -20.56107  0.84978 
   -6.14205  0.25892  4.22661     14.02793  2.00206  1.25569  4.41192  0.10271     0.01306  3552.84661   7241.18154  1.08382          2476.9766     20.69888  0.27772    60441.196  0.33221  1.14233   2920265.4058  44.85292  18.24049  60509.21319    51.20416       44.40247   34.72661  48.22872   83.5    0.09003  -20.61953  0.91838 
   -5.66136  0.45841  3.79027     14.12147   1.6178  0.57995  4.19362  0.08576     0.01208  3529.64813   7048.21206  0.61302         3259.36955      20.7019  0.27966  60441.67668  0.31166   1.9224  1233515.88977  45.22929  18.25288  60508.94907    51.47911       44.73403   32.73055  44.13637   86.0    0.08657  -20.62766  0.85747 
   -4.48358  0.42657  4.69308     14.16048  1.93066  1.37363  7.02102  0.08047     0.01128   3772.3398   6983.43708  1.33076         2621.93203     20.63209  0.23813  60442.85446    0.596  2.99497  1885690.11457  44.93616  18.23465  60508.33148    51.09472       44.21028   45.29566  60.59729   85.0    0.09038  -20.56832  0.76925 
   -4.78296  0.44598  5.42804     14.26065  1.93663  1.00845  7.67633  0.05801     0.01022  3923.16489    6506.1897  0.41694          3352.1855     20.30389  0.11185  60442.55508  0.70478   3.4235  1595297.10511  44.88376   18.2408  60510.32211     51.3237       44.57563   30.26459  41.64029   87.0    0.09211  -20.46732  0.68604 
   -7.71162  0.44552   2.9958     13.79497  1.55272  0.90647   2.4236  0.12946     0.01095  2987.75047   7399.81683   0.7643         3210.57933     20.89642  0.43767  60439.62642  0.12906  1.07976   3326605.3392  44.98491  18.24484  60509.21319    51.27833       44.48754   35.32368  47.63165   87.5    0.08146  -20.73945  0.94111 
   -5.67784  0.35704  3.43856     13.91274  1.72773  0.99936  3.41867  0.08723     0.01207  3237.98247   6654.93882   0.4651         4121.43057     20.83978  0.38415   60441.6602  0.21381  1.22061  2835133.78104  44.98099  18.23313  60509.21319    51.36043        44.6051   32.12016  43.69341   89.5    0.08241  -20.71126  0.92702 
   -8.03694  0.15195  3.13192     13.76703   1.5556  0.73837  1.88682  0.14237     0.01132  3336.42676   7037.76267  0.72504         2291.47986     20.70653  0.28265   60439.3011  0.12529   0.2867  4142548.46239  44.85185  18.23112  60511.10544    50.95039       44.05267   42.35485  64.13445   82.0    0.08504  -20.61011  0.98173 
   -5.17704  0.48478  4.41873     13.98385  1.79126    1.342  4.96753  0.09178     0.01034   3289.0928   6506.98201  1.64412         2754.50575     20.69516  0.27535    60442.161  0.32057  2.40818  3498477.45617  44.68753  18.24921  60510.32211    51.30026       44.55824   30.23211  41.67277   89.5     0.0861  -20.59949  0.80484 
   -6.08218  0.22809  3.00516     13.90537  1.52013  0.85159   4.8379  0.08047     0.01137  3603.62336   7166.95525  0.66887          2183.8807      20.7936   0.3454  60441.25586  0.37477  1.10347  1971047.76946  45.20029  18.23693  60510.32211    51.41126       44.67022   31.47303  42.75498   85.5    0.08432  -20.68266  0.93854 
   -6.65391  0.34315   4.4437     14.34445  1.70865  0.49521    8.329  0.04542     0.01068  3906.83846   5771.58461  0.10635         4109.54596     20.46401  0.16171  60440.68414  0.75835  2.85808   641287.13601  45.39895  18.22403  60508.94907    51.26143       44.48156   33.39836  46.20784   93.0    0.08994  -20.48621  0.76328 
    -6.5497  0.34708  3.80212     13.98325  2.19501  1.08463  1.98631  0.12111     0.01221  2878.62502    7682.8449  0.42056         4947.91225     20.84299  0.38701  60440.78835  0.09818  0.68941  3182766.25517  44.94743  18.24258  60508.94907    51.14875       44.35716    33.3269  48.13316   85.5    0.08193  -20.71808  0.96326 
   -7.18694  0.00461   3.0811     13.93253  1.69361  0.66362  1.73133  0.17085     0.01134   2507.3141   7834.92065  0.99923         3901.71865     20.97209  0.52098  60440.15111  0.06493  0.00799  2036969.44448  45.21126  18.22987  60511.27717    50.97657       44.09987   41.34227  59.81918   87.0    0.08571  -20.82525  0.99957 
   -6.44962  0.38944  3.85343     14.23306  1.81395  0.47283  4.59498  0.07642     0.01154  3754.18834   6831.48379  0.51597          2654.5692     20.78806  0.34102  60440.88842  0.38632  1.78946   855086.66158  45.42376  18.23987  60509.21319    51.30118       44.54745   31.47303  44.28251   86.5    0.08603  -20.67608  0.88108 
   -7.46743   0.4693  2.82561     14.32299   1.7502  0.35692  2.88539  0.10035     0.01098  2862.57589   7621.60686  0.28478         5231.15187     20.83212  0.37744  60439.87062  0.14104  1.35412   293187.71002  46.14256   18.2387  60508.33148    51.37968       44.63035   31.40705  43.68068   90.0    0.08364   -20.6864  0.94597 
   -6.42354  0.46667  3.24473      13.9939   1.9017  0.72429  2.27427  0.10446     0.01066   2887.2988   7817.01307   0.5251         4200.73002     20.94344  0.48772   60440.9145   0.1131  1.06132   1912135.6057  45.24411  18.24493  60509.21319    51.26505       44.48381   33.39836  46.20784   88.5    0.07734  -20.78445  0.94965 
     -6.643  0.36462  3.45715     13.85701   1.7327  1.08737  2.67753  0.10321     0.01326  3298.18976   6908.05213  0.35114         3790.80904     20.76369  0.32242  60440.69504  0.17375  0.97629  3714975.47598  44.86018  18.23401  60509.21319    50.94465       44.08073    36.5812  57.75979   88.0    0.08212  -20.65339  0.94008 
   -7.10583  0.32176  2.70002     14.03226  1.69782  0.55849  2.22535  0.11897     0.01536  3258.38937   7310.46125  0.38975         2925.99817      20.9378  0.48143  60440.23221  0.14094  0.71604   990645.04446  45.64009  18.24736  60510.32211    51.10684       44.28104   36.63473  51.90819   89.5    0.07875   -20.7788  0.97171 
    -8.1156  0.00492  3.06087     13.67875  1.48423  1.34906   2.1465  0.12696     0.01208  3020.87569   7539.57917  0.34565         4789.64146     20.72037  0.29181  60439.22244  0.11685  0.01056  5668937.52981  44.71515  18.24485  60510.32211    51.05735       44.21179   38.45467   54.5849   82.5    0.08397  -20.62511  0.99931 
    -6.6077  0.20207  3.82905     14.24281  1.54628  0.47004  7.39601  0.07198     0.01062  3701.89634   6964.82037  0.79575         2985.90266     20.63002    0.237  60440.73034  0.60461  1.49452   688118.47618  45.45429  18.25702  60510.32211    51.02116       44.18179   35.98414  56.43154   83.0    0.08971  -20.58399    0.877 
   -4.42209  0.36199  4.11634     13.86571  1.65699  1.50308   5.5142  0.06391      0.0105  3810.67021   6888.46784  1.39021         2218.70139     20.67768  0.26449  60442.91595  0.47765  1.99609  4838788.19425  44.57441   18.2354  60511.27717    51.11925       44.29182   34.65588  51.98381   87.0    0.08485  -20.59635  0.83501 
   -7.04162  0.36287  5.09035     14.13803  2.03678   1.4004   7.0818  0.07444     0.01119  3799.71307    6121.4179  0.38886         4017.75975     20.54518  0.19494  60440.29642  0.60992  2.56979  2595337.75263   44.7501   18.2285  60510.32211    51.06501       44.20785   38.37223  56.63657   84.0    0.09036  -20.56814  0.78045 
   -7.13349  0.37353  3.81702     13.83777  1.46909  1.03792  4.12592  0.08039     0.01113  3556.47491   6701.91197  0.46493         2785.81004     20.41911  0.14583  60440.20455  0.31131  1.54116   4195417.4804  44.64967   18.2257  60510.32211    50.95182       44.07817   41.47006  60.57224   83.5    0.08383  -20.48347  0.86379 
   -5.50836  0.23778  2.92456      13.9025  1.69354  0.89825  2.65782   0.0941     0.01304   3065.6235   7394.25399   0.4267         4257.49581     20.91035  0.45194  60441.82968    0.149  0.63199  2107365.80125  45.24178  18.24078  60511.10544    51.15086       44.32072   38.53891  52.61924   91.5    0.08447  -20.75466  0.97065 
   -7.75318  0.43012  3.87608     13.87208  1.95132  1.21573  2.41262  0.14015     0.01107  2991.52476   6757.24894  0.95944         3014.28213     20.79849  0.34932  60439.58487   0.1288  1.03772  4906584.19575  44.69161  18.23714  60511.10544    51.15811       44.31341   42.15939  54.10693   89.0    0.08302  -20.67174  0.93291 
   -7.04532  0.22725  3.61142     13.80427  1.73745  1.54852  3.81295  0.09274     0.01011  3407.75536   6958.46864  0.91223         2450.60768     20.75884  0.31884  60440.29272  0.26413  0.86651  5182529.84793  44.67886  18.24585  60507.28253    51.30657       44.54387   32.73055  44.28251   86.0    0.08039  -20.64813  0.94189 
   -6.67735  0.45201  2.81544     14.14172  1.72079  0.59833  4.37672  0.06907     0.01051  3291.72881   7057.40469  0.10516         5801.77556     20.78568  0.33916   60440.6607  0.28289  1.97831    659483.6497  45.78628  18.24096  60508.94907    51.11456       44.27274   40.08475  54.92405   90.5    0.08219  -20.66394  0.92187 
   -4.69451   0.4122   3.0847       14.084  1.77258  0.58845  3.36801  0.08625     0.01074  3293.25866   7886.89877  0.73727         2741.16867     20.92497  0.46741  60442.64353   0.2179  1.38829  1063793.51827  45.51217  18.22336  60509.21319    51.19212       44.39772   35.32368  47.63165   87.5    0.08506  -20.77511   0.9354 
    -6.6666  0.31687  4.24905     14.26379  1.82006  0.56975  4.61788  0.08608     0.01128  3337.44859   7085.99838  0.32024         4550.49653     20.47015  0.16401  60440.67144  0.30683  1.46328   905542.68106  45.31544  18.25553  60511.10544    51.15531       44.34239   36.48549  50.65556   82.5    0.09067  -20.50525  0.88305 
   -7.03409  0.47253  4.12223     13.98647  1.97172   1.3696  5.07525   0.0581     0.01138  3724.62014    6477.8592  0.19485         3692.71189     20.75027   0.3126  60440.30395     0.42   2.3982  3311139.91419  44.81345  18.24278  60510.32211    51.07656        44.2593   34.65588  53.21923   90.5     0.0819  -20.63571  0.84611 
   -5.94259  0.33971  3.55739     13.95842  1.64643  0.69618  2.54907  0.14655     0.01043  2816.90982    6895.9347  1.49053         3093.31816     20.82384  0.37031  60441.39545  0.12066  0.86594  2343051.95012  45.01334  18.24431  60510.32211    51.22292       44.41171   38.23555   50.2359   87.5     0.0871  -20.69849  0.93893 
   -6.95406  0.01611  3.22865     13.89925  1.94229  1.32703  3.88838  0.07496      0.0117  3383.66014   6599.80672  0.18895          3949.1748     20.84682  0.39044  60440.38399  0.26556  0.06266  2989992.21237  45.06345  18.24635  60509.21319    51.07134       44.25797   33.39836  51.98381   90.0    0.08357  -20.70441  0.99704 
   -7.11483   0.2887  4.00731     14.04903  1.69427  0.63458  2.95667  0.13161     0.01708  3705.77876   7067.02384  1.22991         2160.64226     20.61878  0.23094  60440.22322  0.24221  0.85358  2015824.46086  44.98767  18.24329  60510.32211     51.0143       44.15556   40.90187  56.33235   81.5    0.08189  -20.57442  0.92764 
   -5.19366  0.42305  5.18393     14.20714  1.32843  0.45153  6.90513  0.05807     0.01014  3919.08277   6488.82609  0.79129         3528.54489     19.94282   0.0487  60442.14438  0.63266  2.92123  1276977.06506  44.85668  18.23553  60510.32211    51.19151       44.36204   39.17433  51.98381   86.5    0.08673  -20.41442  0.60811 
   -7.98168  0.41298  4.18115     14.03819  1.74484  1.29142  5.60891  0.08047      0.0105   3389.4969    6841.6235  0.31028         4542.71907     20.49337  0.17302  60439.35636  0.38439  2.31636   2375630.9297  44.89223  18.23353  60509.21319    51.35847       44.61103   32.07486  42.15315   84.5    0.08699  -20.50795  0.82289 
    -6.8083  0.46924  4.38752     14.27226  2.02982  0.44831  2.92118   0.1063     0.01005  3064.46795   7404.66229  0.78333         3758.48165      20.7655  0.32376  60440.52974  0.16364  1.37074  1035600.61998  45.27667   18.2367  60509.21319    51.25938       44.46836   34.25056  47.09801   84.0      0.083  -20.66098  0.89705 
   -6.88623  0.42505  3.33537       13.783  1.79007  0.94702  2.25821  0.11733     0.01003  3269.58055   8314.46909  0.98513         2503.32087     20.86256  0.40484  60440.45181    0.144  0.95985  5023044.22405  44.77446  18.24732  60509.21319    51.20815       44.43325   32.12016  45.70426   81.5     0.0817  -20.73517  0.94621 
   -7.27684  0.49861  4.54421     13.82951  1.76566  1.54563   3.8137  0.08247     0.01046  3669.62338   6726.55262  0.52866         3163.99288     20.53369  0.18985   60440.0612  0.30635  1.90156  7423678.71662  44.33022  18.23829  60510.32211    51.08116       44.23518    36.5551  54.01768   83.0    0.08054   -20.5458  0.82441 
   -6.65721  0.32445  4.98216     13.90729  1.81048  1.53624  2.12463  0.21704     0.01768  2942.50751   7282.95039  1.80497         3861.89003     20.66839  0.25889  60440.68083  0.10974  0.68934  6395276.79383  44.32594  18.23477  60509.21319    51.19087       44.35824   40.08475  52.99873   80.5    0.09132  -20.61169  0.91849 
   -6.15704  0.44647  4.44216     13.90289  1.53721  1.22726  5.21932  0.07309      0.0115  3659.25736   6304.85264  0.56478         3532.32574     20.45721   0.1592    60441.181  0.41689  2.33025  4405145.69059  44.51643  18.23369  60510.32211    51.19051       44.40261   33.39836  47.72811   86.5    0.08953  -20.51046  0.76895 
   -6.58507  0.41858  2.90004     13.86514  1.86831  1.08152  2.65789  0.11119     0.01008  2869.19398   7657.54383  0.63085         3758.02621     21.01209  0.57124  60440.75297  0.13052  1.11253  2715145.76156  45.18169  18.24524  60508.33148    51.28941        44.5462   31.37649  42.45373   90.5     0.0833   -20.8832  0.95671 
   -6.85162  0.32434  2.27845     13.82107  1.31298  0.62755  2.40262   0.1205     0.01329   3088.4853   6867.51432  0.63943         2813.95828     20.93959  0.48342  60440.48642  0.13671  0.77927  1442791.03895  45.51262   18.2426  60509.21319    51.32569       44.54027   35.32368  48.13316   94.5    0.08207  -20.78372  0.96785 
   -5.83323  0.48648  2.45776     13.76945  1.57722  1.54718  2.78944   0.1323     0.01146  2934.02307   7190.48237  0.80909         2610.02744     20.92323  0.46554  60441.50481  0.14324    1.357  2557941.84898  45.27777  18.24386  60509.21319    51.20256       44.38488   37.88272   50.6823   91.5    0.08386  -20.77248   0.9518 
   -6.23652  0.06053  3.21427      13.8064  1.99878  1.26292   1.7044  0.14362     0.01192  2838.79188   7628.06973  0.69257         3604.01464     20.97972  0.53021  60441.10152  0.08193  0.10317   4676840.2973  44.88549  18.23866  60509.21319    51.14981       44.31597   38.37223  52.78592   88.5    0.08259  -20.82876  0.99529 
     -5.848   0.4514  3.87497     14.03494    1.766  1.36313   6.5354   0.0568     0.01081  3914.32188   7145.04976  0.09336         3338.01052     20.61031  0.22648  60441.49004  0.59733  2.95008  2096396.78046  45.01783  18.24272  60508.94907    51.28114       44.46005   39.56453  51.80529   85.5    0.09686  -20.56713  0.81266 
   -8.31643     0.49  3.85333     13.70847   1.5742  1.40213  2.42653  0.13834     0.01475  3543.26412   7140.13107  0.59388         3536.22608     20.69606  0.27592  60439.02161  0.18173    1.189  8309969.57568  44.37463  18.23449  60510.32211    51.12601       44.33437   34.72661  47.28977   80.0    0.08458  -20.62402  0.89741 
   -6.35469  0.46663  3.38421     14.10391  1.70942  0.66021  4.72643  0.07552     0.01007  3341.76643   7083.45021  0.39303         4135.59393     20.84542  0.38917  60440.98336  0.31486  2.20549  1126562.67855  45.39102  18.22631  60508.94907    51.03569       44.20076   37.63921  52.85114   87.5    0.08733  -20.71346  0.87806 
   -5.93606  0.46071   3.2928      13.8465   1.5255  1.23867  4.57678  0.08181     0.01053  3484.44637   6820.13778  0.77033         2307.28612     20.71391   0.2875  60441.40198  0.33148  2.10855  3114276.17145  44.92377   18.2459  60509.21319    51.33957       44.58169   31.45236  45.70426   88.0    0.08256  -20.61291  0.86998 
   -7.27988  0.19126  3.99864     13.92488  1.89068  1.26858  2.53446  0.13233      0.0109  2692.55847   7782.85298  0.72317         4582.42681     20.72917  0.29778  60440.05816  0.10961  0.48474  3967305.79442  44.74314  18.23085  60510.32211    51.37276       44.58522   36.57325   46.8836   81.5    0.08931  -20.63585  0.96424 
   -5.46061  0.31746  2.77276     13.80136  1.39008  0.93097  3.02202  0.11453     0.01076  2867.03384   7258.98344  0.78117         3580.90353     20.85946  0.40196  60441.87743  0.14818  0.95936   2477163.3429  45.13211  18.24119  60510.32211    51.13058       44.31399   35.32368  51.98381   88.0    0.08565  -20.71495  0.94741 
   -6.55002   0.4932  3.11816     13.86679  1.64759  1.46083  4.37545  0.06117     0.01019  3443.12254   7198.13927  0.09341         5553.25379     20.70882  0.28415  60440.78802  0.30942  2.15799   2747182.5873  45.05901  18.24582  60510.32211    51.23703       44.43871   35.27978  48.57704   88.0    0.08006  -20.61488  0.89154 
    -7.2784  0.32749  3.17773     14.06493  1.73578  0.80878  6.24707  0.06467     0.01003  3609.43618   6782.29168  0.40749         2413.74673     20.81432  0.36228  60440.05964  0.48549  2.04583  1206961.26711  45.42241  18.27083  60508.33148     51.2789       44.52542   29.72112  46.06169   89.5    0.08714  -20.68186  0.90056 
    -7.2332  0.09544   3.2065     13.77685  1.68816  1.18316  1.69888  0.16152     0.02227  3449.42008   6766.05676  0.33461         3494.55299     20.84492  0.38873  60440.10484  0.12058  0.16215  4503987.05419   44.8306  18.24729  60509.21319    51.25462       44.47454   34.72661  46.35636   86.0    0.07978  -20.71413  0.99059 
   -7.54367  0.14919  3.68132     13.76019  1.87104  1.42175  1.70371  0.13459     0.01641  3396.46719   6798.22395  0.32907         3724.06719     20.75688   0.3174  60439.79437  0.11724  0.25418  7104351.94157   44.5574  18.23506  60508.94907    51.13519       44.30517   38.37223  52.78592   85.0    0.07738  -20.65048  0.98315 
   -7.17557  0.42902  4.43281     13.93462  1.96378  1.38864  3.17147  0.09704     0.01021  3045.27574   7566.12614   0.6126         4238.83489     20.68228   0.2673  60440.16247  0.17544  1.36061  4841895.93133  44.58356  18.22925  60509.21319    51.16682       44.39159   32.12016  47.22226   83.5    0.08534   -20.6017  0.89158 
   -6.53743  0.47874  3.30217     13.85706  1.61868  1.09366  2.83337  0.13075     0.01653  3499.09082    7453.7354  0.79373         2330.13997     20.77629  0.33191  60440.80061  0.20694  1.35646  3165566.14036  44.93996  18.24416  60511.10544    51.12004       44.31103   35.27978  51.52278   84.0    0.07998  -20.66742  0.91837 
   -6.87531  0.33038  3.81474     13.91815  1.83008  1.23428  1.62981  0.20688     0.02878  3518.08717   7269.17486  0.27827         3896.22896     20.69165  0.27313  60440.46273  0.12033  0.53846   3605066.4784  44.81147  18.23742  60508.94907    51.22673       44.41543    37.8711  50.69392   81.0    0.09134  -20.60983  0.96223 
   -7.54919  0.19326  3.62604     13.96942  1.77782  0.83354  2.31346   0.1591     0.01658  3163.20722   6868.83043  0.65274         3404.10507     20.78914  0.34187  60439.78885  0.13808  0.44711  2498800.43115  45.00214  18.22137  60509.21319    51.12166       44.31545   34.05881  48.22872   86.5     0.0847  -20.65719  0.97005 
   -4.90763  0.47221  2.91877     13.75569  1.11747  1.23334  5.82589   0.0741     0.01006  3386.79382    7023.7155  0.74394         3389.48468     20.68832  0.27105  60442.43041  0.39863  2.75102  2723091.04312  44.95162  18.24871  60508.94907    51.10159       44.28455   33.39836  50.05849   88.0     0.0923  -20.59193  0.80464 
   -6.67374  0.49084   4.1986     13.91207  1.68713    1.024  3.01138  0.12907     0.01426  3330.44153   6732.12419  0.94388         3317.14668     20.68296  0.26773   60440.6643  0.19925  1.47811  4140328.77053  44.63275  18.22609  60510.32211    51.30325       44.52621   32.73055  45.94407   85.0    0.08458  -20.60493  0.87022 
   -6.68481  0.03678  2.95463     13.67022  1.74216  1.45484  1.70502  0.12741     0.01101  2821.36564   7090.87564  0.68355          3771.2944     20.97062  0.51922  60440.65323  0.08096  0.06271  6448577.90971  44.75946  18.22288  60510.32211    51.02652       44.19145   36.63473  55.68996   92.5     0.0804  -20.81946    0.997 
   -6.62226  0.37702  4.76045     14.09219  1.92864  0.82411  5.09831   0.0641     0.01031  3704.43517   7046.39951  0.36905           4365.981     20.66311  0.25576  60440.71579  0.41735  1.92218  2654480.53895  44.77482  18.24317  60510.32211    51.16018       44.35268   34.72661  50.19452   83.0    0.08536  -20.60483  0.83101 
   -6.10327  0.43073  2.79967     13.68642  1.38134  1.49128  3.37963  0.10931     0.01119  3184.97366   7715.52819  0.88868         2802.57752      20.8689   0.4108  60441.23478  0.20451   1.4557  4260868.17704  44.88543  18.24236  60510.32211    50.94556       44.05114   44.41263  62.14813   87.0    0.08394  -20.72463  0.92001 
   -6.51374  0.22881  2.61936     13.93507  1.47544  0.53447  2.41174   0.1121     0.01057  2844.56942   7585.35992  0.66124         3920.65896     20.98146  0.53234   60440.8243  0.11641  0.55184  1267605.49201  45.49839  18.24068  60510.32211    51.08334       44.25841   34.25056  51.63814   90.5    0.08116  -20.83713   0.9744 
   -5.91486  0.45493  5.39765     14.25652   1.8328  0.75278  6.73408  0.07934     0.01021  3638.03809   6158.26854  0.93192         3407.61599     20.46347  0.16151  60441.42318  0.53167  3.06355  1521616.36834  44.88525  18.24598  60509.21319    51.04618       44.17219    40.6744  59.03236   85.5     0.0872  -20.52198  0.69284 
   -6.54102  0.27918  2.85494     13.81497  1.59471  1.27589  4.19628  0.06348     0.01192  3618.63039   6811.29927  0.07634         2855.62929     20.78844  0.34133  60440.79703  0.32778  1.17151  2829827.26415  45.10857  18.23277  60511.10544    51.20739       44.40303   36.57325  48.80892   87.5     0.0776  -20.66168  0.94495 
   -6.08781   0.4068   2.9473     13.87629  2.02889  1.35171  2.35216  0.10451     0.01279  3210.21335   7400.17659  0.26714         3463.52584      20.9313  0.47428  60441.25023   0.1446  0.95686  2892984.22541  45.17591   18.2663  60508.94907    51.05556       44.22953   33.39836  51.98381   88.0    0.07794  -20.78925  0.96578 
    -6.7904  0.41466  3.11503     13.90148  1.77412  1.26379   2.5596  0.10865      0.0119  2730.07333   7488.97397  0.38372         5297.09846      20.7712  0.32804  60440.54764   0.1138  1.06137  2516273.02662  45.13015  18.22025  60509.21319    51.25379       44.46886   34.91837  48.03696   90.0    0.08338  -20.65473  0.94923 
   -5.92761  0.41391  3.43163     13.89187  1.54475  1.20434  5.11568  0.06638     0.01086  3652.30683   6997.13714  0.32786         2824.01327     20.65086  0.24865  60441.41043  0.40707  2.11742  2779343.04492  44.94276   18.2374  60508.94907    51.23231       44.39756   40.90187  52.18161   85.5    0.08825   -20.5797  0.86234 
   -7.91826  0.34645   5.2248     14.07307  1.89881  1.09474  6.47782  0.07193     0.01049  3833.68395   6373.54907  0.49354         2856.81193     20.30006  0.11086  60439.41978  0.56792  2.24421  3437848.40677   44.5749  18.24216  60510.32211    51.15906        44.3448   36.57325  50.73425   84.5    0.08783  -20.48042   0.7744 
   -6.51468  0.28966  3.07244     14.20534   1.7993  0.47006  3.46308  0.07502     0.01047  3170.16915    7684.6336  0.20884         5058.39257     20.81395  0.36197  60440.82337  0.20761  1.00312   612654.69155  45.76177  18.24075  60509.21319    51.32219       44.55768   33.33238  43.73872   87.0    0.08194  -20.67874  0.95398 
   -5.63834  0.32691  3.15772     14.38943  2.09741  0.34399  3.32174   0.0764     0.01101  3228.60261   7079.14579  0.34163         4421.31307     20.98646   0.5385   60441.6997  0.20655  1.08592   323141.07143  46.08239  18.25089  60508.94907    51.30489       44.52078   34.72661  47.28977   92.5    0.07956  -20.84977  0.95799 
   -7.19645  0.19906  2.82061     13.76385  1.49192  1.13662  4.36066  0.07015     0.01091  3543.28839   7203.27651  0.24379         3979.40894     20.88899  0.43025  60440.14159  0.32658  0.86805  3270047.14206  45.02735  18.23511  60510.32211    51.20061        44.4025   34.91837  50.00276   87.0    0.08251  -20.75209  0.95526 
   -5.27358   0.4886  4.70725     14.10687  1.58019  1.54118  6.83903  0.07487     0.01186  3853.34424   6310.80841  0.38377         3773.27851     20.05903  0.06364  60442.06446  0.60576  3.34158  1987595.71428  44.82369  18.25593  60508.94907    51.37271       44.61463   32.07486  43.73872   86.5    0.09537  -20.42498  0.68771 
   -6.17499  0.42026  3.72641     13.93688  1.62129  1.16724  4.80264  0.08112       0.012  3499.08089   6706.74688  0.50463         3030.23884     20.63761  0.24118  60441.16305  0.35076  2.01834  2795695.24848  44.88963  18.22879  60511.10544    51.16922       44.36302   38.45467  49.98326   88.5    0.08965  -20.56785  0.85681 
    -8.4269  0.35653  4.97853     14.34043  2.10004  0.56583  6.26979  0.06737     0.01035  3796.61312   6933.47285  0.23132         3701.89061     20.59137  0.21682  60438.91115   0.5391  2.23537  1007813.03886  45.19349  18.23755  60510.32211    51.02683       44.16377   40.21254  56.72159   83.5    0.08483  -20.56233  0.81614 
   -7.91816  0.13742  4.80156     13.95476  1.99275  1.05455  1.82754  0.14907      0.0318   3933.6247   6288.87467  0.19328         3115.05653     20.40188  0.14015  60439.41988  0.16869  0.25115  5254194.07935  44.48503  18.24713  60508.33148    51.07616       44.24229   36.78699  54.54457   84.5    0.07583  -20.48435  0.97448 
   -7.93813  0.41179  3.44032     14.10633  1.62976   0.9229  7.22523  0.07232      0.0112  3810.15093   6425.51609  0.17606         2285.59936     20.58156  0.21198  60439.39991   0.6257   2.9753  1097692.14833  45.36729  18.21882  60511.10544    51.01002       44.14127   39.17433  57.75979   85.0    0.09012  -20.56248  0.82932 
   -6.23554  0.47847  4.44928     14.27282  1.94527  0.77729  6.66219  0.08074     0.01041  3692.08698   6722.24991  0.70654         3069.37933     20.67332  0.26185   60441.1025  0.54174  3.18764  1017945.38811  45.25352  18.24645  60511.10544    51.04534       44.21097   37.24901  53.90914   84.5    0.08622  -20.61529   0.7788 
   -6.85072  0.40186  2.64364      13.7779  1.66797   1.3115   1.6013  0.13815     0.01189  2498.36578   7389.46831  0.38514         5202.42659     20.82659  0.37267  60440.48732  0.05962   0.6435  3010308.54947  45.16802  18.24209  60511.10544    51.15896       44.34547   40.10676   50.2359   94.0    0.07787  -20.67889  0.97495 
   -7.66623  0.33503  4.35002     13.87707   1.5572  0.80944   2.8995  0.11979     0.01637  3854.54628   6995.85795  0.43966         4069.06432     20.45365   0.1579  60439.67181  0.25698  0.97141  4819554.99894   44.5012  18.24401  60510.32211    51.14374       44.30733   38.53891  54.54457   78.0    0.08526  -20.53174  0.89166 
   -6.42339  0.35685  3.08151     13.83262  1.76117  1.37221  2.41663  0.12386     0.01388  3021.23759   7775.47232  0.47453         3982.06579     20.90056  0.44186  60440.91465  0.13159  0.86236  3356659.41592  45.01121  18.23324  60508.94907     51.2041       44.40088   35.90544  48.80892   87.5    0.08603  -20.74881  0.95855 
   -5.32496  0.27193  3.85345      13.8869  1.75276  0.82769  2.35732  0.14528     0.01199  2849.32618   6675.06663  2.01604         3169.05198     20.91969  0.46176  60442.01308  0.11416  0.64103  4068604.86351  44.73142  18.23594  60508.94907    50.98303        44.1356   34.88282  55.68996   91.0    0.08418  -20.78302  0.95037 
   -7.47593  0.18382   3.1079     13.88733  1.74124  1.44603    6.182  0.06346     0.01054  3683.63214    6973.1301  0.37588         2139.46088     20.83018  0.37576  60439.86211  0.50039   1.1364  2623940.71494  45.10582  18.22687  60510.32211    51.07161       44.26342   35.32368  51.23282   86.5     0.0879  -20.70622  0.94468 
   -6.13247  0.20349  3.94664     13.93776  1.78238  1.22185  4.57272  0.08307     0.01222  3604.15164   7139.86051  0.58677         2846.22454      20.6374  0.24106  60441.20557  0.35433  0.93048  3433602.26733  44.79164  18.23904  60509.21319    51.08239       44.24333   39.17433  53.90914   83.5    0.09203  -20.59111  0.92987 
   -6.91093  0.27358  4.16623     13.88146  1.66018  1.55411  5.12112  0.06975     0.01118  3660.42003   6387.47468  0.45307         2781.78338     20.45251  0.15748  60440.42711  0.40931  1.40105   4618811.0308  44.58498  18.23326  60511.10544    51.15915        44.3284   39.00788   52.8633   86.5     0.0845  -20.49406  0.87611 
   -6.54465  0.41071  3.94148     14.21574  1.58037  0.93414  9.09476  0.06589     0.01126  4151.27797   6173.10581  0.07607         3267.71498      20.2804  0.10596   60440.7934  0.93494  3.73529   844149.24729  45.34987  18.23201  60509.21319    51.10302       44.30885   34.65516  48.22872   85.0    0.09129  -20.48673  0.73863 
   -8.06656  0.34688  3.55937     14.00137  1.61483  0.82709  5.16151  0.07759     0.01164  3614.66743   6914.75991  0.19133         4020.35102     20.67248  0.26134  60439.27148  0.40229  1.79044  1887752.96504  45.09828  18.25349  60508.33148    51.31611       44.54353   34.72661  46.35636   85.5    0.08668  -20.61144  0.88009 
   -7.63151  0.43546   4.1168     13.95915  1.88724  1.42031  3.16956  0.09659     0.01421  3406.20549   7520.10214  0.13999         5811.38038     20.50427  0.17742  60439.70653  0.21937  1.38022   3584725.5011   44.7611   18.2384  60510.32211    51.18105       44.35883   37.24901   52.8633   82.0    0.08463  -20.52629  0.89959 
    -5.6496  0.42081  3.38364     13.94056  1.64524  1.16959  5.18282  0.07283     0.01238  3708.12367   7145.43126   0.3154         3454.07819     20.79297   0.3449  60441.68844  0.42511  2.18099  2299820.94766  45.06461  18.23045  60508.94907    50.97482       44.09383   44.41263  60.22281   86.0    0.09342  -20.67876  0.87335 
   -6.75822  0.47237   3.3873     14.05048   1.5077  0.63405  4.40042  0.08135     0.01149  3505.33815   7104.16543  0.34272         3783.25995     20.72693  0.29625  60440.57983  0.32254  2.07862  1273122.62836  45.28258  18.23837  60510.32211    51.08752       44.26754   34.05881  51.82989   85.0    0.08776  -20.62955  0.86295 
   -5.92835  0.42749  3.50168     13.97464  2.02558  1.31501  3.22211  0.08114     0.01076   2990.7318   6989.13256  0.29693         5241.35951     20.78564  0.33913  60441.40969  0.17192  1.37742  2592059.95042   45.0732  18.24711  60509.21319    51.31603       44.53526   34.72661  47.24878   91.5    0.08401   -20.6637  0.93283 
    -6.2091  0.00506  3.48802     14.06291  2.00585  0.66636  3.04521  0.09128     0.01101  3306.16501   7414.62201  0.68669         2566.15145      20.8541  0.39704  60441.12894  0.19856  0.01542  1696120.70366  45.25653  18.24126  60509.21319    51.05836       44.21285   38.46063  54.79626   87.5    0.08177  -20.71209  0.99918 
   -6.12634  0.27108  3.80047     13.92578  1.86803  1.21688  3.04745  0.11469     0.01401  3281.45601   7326.66841  0.62636         3313.52318     20.77457   0.3306  60441.21171  0.19575   0.8261  3526289.49351  44.83324  18.24827  60508.94907    51.25084        44.4525   34.72661  48.73023   85.5    0.08451  -20.65477  0.94521 
   -8.21441  0.38749  4.10937     13.81298  1.51634  1.03435  2.57518  0.15545     0.01585  3394.71776   6603.64755  1.08381         2952.51749     20.46325  0.16143  60439.12363  0.17703  0.99785  5625921.52293   44.4719  18.24093  60508.33148    51.02136       44.15577   40.08475  57.14947   84.0    0.08231  -20.49779  0.89725 
   -6.75309  0.23213   4.4769     13.93363  1.91902  1.53109  3.95442  0.07636     0.01109  3472.94668    7072.4778  0.29753         3940.85428     20.48152  0.16836  60440.58495  0.28452  0.91794   4848226.7061  44.56439  18.23153  60509.21319    51.09489       44.25756   39.17433  53.15035   82.0    0.08548  -20.50094  0.92041 
   -6.24402  0.46788  3.34206      14.1735  1.71973  0.65361  6.10552  0.06725     0.01004  3604.42638   6741.05757  0.35814         2972.12029     20.78506  0.33868  60441.09403  0.47318  2.85664   802253.08939  45.55197    18.224  60508.94907    51.10507       44.27913    36.5812   52.8633   89.0    0.08651  -20.66825  0.85271 
     -5.585  0.26986  2.53971     13.71781  1.85304  1.06475   1.3101  0.14264     0.01268  2961.44564   7752.66885  0.59386         2788.06248     21.02513  0.58865  60441.75304  0.06854  0.35354  4070465.62772  45.11752  18.25264  60509.21319    51.01613       44.15124   38.33284  57.14947   91.5    0.07351  -20.87607   0.9888 
   -6.61116  0.47324  3.71908     14.07156  1.69153  0.69308  4.69656  0.06969      0.0114  3640.01852   6675.00073  0.31751         2958.12966      20.6995  0.27812  60440.72688  0.37121  2.22259  1562619.62225   45.1624  18.25261  60509.21319    51.23119       44.40925   39.56453  51.80529   87.5    0.08246  -20.61206  0.85265 
   -5.35839  0.31397  3.15023     13.90673  1.76088  0.92391  1.43463  0.15677     0.02121   2983.5151   6980.60319  0.45735         4160.14687      20.8599  0.40237  60441.97965  0.07618  0.45043  2493274.41566  45.12112  18.25423  60507.28253    51.27704       44.51222   32.73055  44.42606   93.0    0.08237   -20.6969  0.97686 
