 texplosion  fnickel    Pspin  log(Bfield)      Mns  thetaPB   mejecta    kappa  kappagamma     vejecta  temperature    alpha  cutoff_wavelength  log(nhhost)      A_V         MJD0  kenergy  mnickel            TSD   log(L0)  Peak_mag     Peak_MJD  log(E_rad)  log(Peak_lum)  Rise_Time    E_fold  tau_1  delta_m15     r_peak     frac 
   -5.47234  0.18406  4.12295     14.17836  1.67847  0.84278  11.82006  0.07315     0.02333  3881.84879   9989.88255  0.18325         2357.43275     21.13589  0.75965  60346.02953  1.06249  2.17562  1165255.51056  45.19692  17.11706  60426.47805    50.99674       44.04955   44.71556  66.09734   63.5    0.07961  -20.46416  0.82819 
   -4.66412  0.14711  3.25038     14.24946   1.6256  1.02452  18.52336  0.05631     0.01197  3802.88728   9936.98383  0.00323         5929.03808     21.05369  0.62867  60346.83775  1.59799   2.7249   505567.41848  45.75221  17.10681  60425.02881     51.0854       44.16629   32.08895  64.54021   60.0    0.07647  -20.36735  0.85672 
   -3.10374  0.13215  2.90001     14.25538  1.75504  1.47345  24.33247  0.03952     0.01092  3885.63035    9911.6196  0.11967         2663.32579     21.12023  0.73276  60348.39813  2.19147  3.21549   422807.27403  45.96219  17.10748  60424.36347    51.02489       44.08891   34.62492  65.79861   62.5     0.0784  -20.44946  0.87771 
   -2.46088    0.144  1.85096     14.34051  1.61832  1.25064   23.9327  0.04542     0.01272  3962.33009   9788.37243  0.01625         4490.70996     21.06801  0.64973    60349.041   2.2414  3.44642   107311.56709  46.91247  17.10735  60424.31577    50.93854       44.00967   34.99694  65.38509   62.0    0.07953  -20.39041  0.93953 
   -4.52776  0.23779  4.02319     14.35433  1.89768   0.9932  12.07117  0.07275     0.02135  3644.63818   9957.99379  0.15111         4902.42137     21.08409  0.67424  60346.97411   0.9565  2.87039   557860.52596   45.5914  17.11229  60424.31577    51.10607       44.21465   28.07952  62.38949   65.0    0.08098  -20.37773  0.82343 
   -2.98384  0.25922  2.89769     14.43621   1.7687  0.92416  11.56678  0.11167     0.03893  4216.72473   9612.64766  0.18057         2784.39816       21.077  0.66332  60348.51803  1.22685  2.99833   184991.50384  46.32524  17.07731   60427.2731    50.88684       43.89669   41.66278   77.6761   61.0    0.07466  -20.38862  0.88708 
   -5.57349  0.24895  5.28572     14.37957  1.82416  0.63755   7.68365  0.10336     0.02136  3794.44676   9565.47153  0.33385          2697.0821     20.98821  0.54068  60345.92839  0.65992  1.91286   824030.29411  45.16776  17.13021  60425.02881    51.05385       44.12188    26.8353   70.2673   64.0    0.08374  -20.28698  0.79032 
    -3.8377  0.29534  2.80196     14.18948  1.71404  1.53973  10.68801  0.07267     0.01933  3609.83072   9918.09932  0.17279         2446.25633     21.14151  0.76955  60347.66417   0.8308  3.15656   522146.43337  45.89015  17.10734  60422.78451     50.9569       44.03935   40.91144  61.61247   66.5    0.08484  -20.44736  0.88292 
     -3.046   0.2717  2.60329     14.34808  1.80431    1.073   14.3411  0.05817     0.01528  3924.98028   9794.27888  0.02181         5468.12976     21.14252  0.77134  60348.45587  1.31791  3.89654     228562.295  46.33511  17.09391  60427.23705    51.01842       44.07304   34.62492  70.38463   67.0    0.08779  -20.49487  0.88521 
   -3.57826  0.08131  3.14986     14.19438  1.48639  1.37556  35.68552  0.03118     0.01054  3968.92328    9493.7503  0.17787         4519.27498     21.06811  0.64989  60347.92362  3.35324  2.90155   559453.22304  45.69663  17.07991  60425.02881     50.9302       43.98696   38.38693  67.71453   66.0    0.07913  -20.37574  0.83975 
   -4.19738  0.30539  3.68916     14.31861  1.95653  1.26336   9.39911  0.09697     0.03318  3680.78228   9842.16279  0.19137         2977.25581     21.08843  0.68101   60347.3045  0.75962  2.87043   570089.22032  45.67053  17.11724  60422.78451    51.09248        44.1998   29.81037   61.5044   64.5    0.07715  -20.38295  0.85334 
   -2.56987  0.38645  1.44826      14.4776  1.95617  1.45626   9.00891  0.13904     0.05632  4059.83027   9590.46364  0.08301         2147.58176     21.10666  0.71021    60348.932  0.88576  3.48148    42238.90804  47.61285  17.09863  60422.78451    51.02635       44.10416   36.55562  63.71865   61.0    0.08523  -20.42656  0.97702 
   -2.70968  0.16398  1.38002     14.41746  1.18205  0.53156  19.50527  0.05079     0.01057  3686.09168   9619.21924  0.23734         2053.86146     21.03248   0.5987  60348.79219  1.58093  3.19838    30570.10737  47.57641  17.12992  60425.02881    51.03527       44.11426   28.07952  66.89377   65.0    0.07687  -20.30401  0.95056 
   -5.09181   0.1425  3.55886     14.62289  1.75924  0.36672  19.02701  0.04801     0.01482  3928.70329    9889.0053  0.02603          2870.9941     21.11076  0.71695  60346.41006  1.75185   2.7114   117485.33928  46.34157  17.13656  60426.47805     51.0663       44.13936    26.8353  68.79883   61.0    0.08042   -20.4606  0.84909 
    -3.3146  0.16516  3.76346     14.28401  1.86181   1.4388  18.74491  0.05293      0.0154  3962.40113   9936.95725  0.62814         2054.33475     21.09175  0.68624  60348.18728  1.75561  3.09596   662073.03484   45.5667  17.10426  60424.31577    51.05414       44.14463   31.92342  63.71071   62.0    0.07714  -20.41891  0.82788 
   -3.66632  0.09318  2.81151     14.17901    1.311  1.02752   28.6321  0.02879     0.01083  3597.35565    9673.1067  0.05323         2363.11126     20.94277  0.48697  60347.83555  2.21028  2.66788   421962.95984  45.86329  17.11381  60426.47805    50.97807       44.03723   37.85173  67.78068   64.0    0.08498  -20.21624   0.8557 
   -4.44491  0.34067  3.56257     14.18356  1.77275  1.55993   7.56519  0.12002     0.03034  3797.98874   9802.21189  0.04163         2756.88272     21.10286  0.70402  60347.05696  0.65096  2.57723   897164.24511  45.46109  17.06456  60425.02881    51.07213        44.1498   32.08895  65.39746   62.0    0.08239  -20.42655  0.85665 
   -4.65237  0.33138  3.38519     14.40962  1.91344  0.84089   8.87987  0.12379     0.02874  3986.71833   9878.79765  0.01533          2404.3295     21.11584  0.72539   60346.8495  0.84191  2.94259   308716.31534  46.00193   17.0942  60425.02881    51.02863       44.11112   34.62492  65.60202   60.5    0.07789  -20.45407  0.86717 
   -2.93978  0.10913  2.53261     14.37812  1.85243  1.55943  31.26513  0.03155     0.01186  3916.73091      9893.15  0.00921         2159.39984     21.04405  0.61486   60348.5621  2.86111  3.41185    193402.7766  46.44299  17.11954  60426.47805    50.91296       43.96402   40.81236  68.32801   63.0    0.08207  -20.37113  0.90756 
   -3.35519  0.37633  1.02086     14.68618  2.09456  0.88111  10.32933  0.09616     0.01892  3557.61428   9938.96479   0.0054         4542.27411     21.04011  0.60931  60348.14669  0.77986   3.8872     8599.76155  48.63752  17.09922  60426.47805    50.94921       43.99852   40.92912  68.91651   66.0    0.07379  -20.26427   0.9941 
    -5.1922  0.17939  4.04007     14.13123  1.35711  0.77879   9.91739  0.08305     0.02002  3534.80837   9850.77327  0.15168         5461.18608     20.97696  0.52686  60346.30967  0.73919  1.77909  1123964.56404  45.13793  17.11448  60425.02881     50.9645       44.02735   32.91845  69.63687   64.5    0.08196  -20.27138  0.81701 
    -3.3504  0.26475  2.62503     14.38288  1.68085  0.84744  12.32396  0.06947      0.0265   3679.6263   9923.75583  0.09267         2833.58672     21.07929  0.66684  60348.15147  0.99537  3.26273   184436.66326  46.39026  17.15435  60425.02881    51.04327       44.12134    28.5349  67.28415   64.0     0.0813  -20.37042  0.89049 
   -4.04783  0.28026  3.46493     14.38984  1.66447  0.71744   9.21872  0.10059     0.03692  3843.28363   9650.13219  0.04258         4220.31807     21.04366  0.61431  60347.45405  0.81227   2.5836   308171.33399  45.92194  17.09677  60425.02881    51.00917       44.07621   32.91845  67.50508   61.5    0.08478  -20.35155   0.8518 
   -3.17251  0.40259  2.20724     14.53668  1.51771  0.60312   8.06006  0.15699     0.05035   4139.7727   9639.59549   0.0216          2428.7945     21.04094  0.61047  60348.32937  0.82398   3.2449    57989.89447  46.99898   17.1087  60425.02881    50.97925       44.03998   34.62492  68.60603   62.5    0.07508  -20.33825  0.91052 
   -3.05355  0.41345  1.96179     14.50567  1.77151  0.80647    8.6195  0.12993     0.04015  3959.36869   9935.19226  0.04499         3388.81447     21.09322  0.68856  60348.44833  0.80605  3.56374    61677.43011  47.14176   17.1183  60425.02881    50.93557       43.98637   43.64282  67.17008   61.5    0.08067  -20.41933  0.93845 
   -3.21853   0.2297  3.63151     14.40016  1.82768  1.02898  13.50402  0.06225     0.01521  3825.39359   9261.79302  0.24077         2607.39226     21.04367  0.61432  60348.28335  1.17881  3.10182   354457.94313  45.86101  17.12044  60424.36347    51.06499       44.15284   32.91845  63.71071   69.0    0.08482   -20.3111  0.83424 
   -3.24373  0.12266  2.79473     14.50241  1.67382  0.62576  23.61212  0.04789      0.0182   4262.9945   9352.53175  0.03241         3638.90111     21.07806  0.66494  60348.25814  2.55972  2.89626   120058.59954  46.52048  17.10574  60422.78451    50.93602        44.0123   43.53655  61.67444   62.0    0.08497  -20.43636  0.88915 
   -3.02302  0.20768  2.85701     14.28304  1.74999  1.47491  15.38693  0.06835     0.01801   4020.8757    9843.7723  0.12317         3113.25838     21.10107  0.70113  60348.47886  1.48395  3.19558   360238.97726  46.04347  17.09665  60424.31577    50.92982       43.98422   36.34758   70.2673   60.5    0.08271  -20.44624  0.88135 
    -3.5205  0.37856  3.13687     14.30034  1.77698  1.41207   7.84691  0.12375     0.03463   3797.1521   9926.09064  0.02508         5234.67435     21.04414  0.61499  60347.98138   0.6749  2.97052   407209.40675  45.91572  17.11146  60425.02881    51.03742       44.12299   42.43122   61.5599   62.0    0.08196  -20.34872  0.87125 
   -5.58721  0.21605  4.55923     14.11989  1.74924  1.42215    8.1165  0.10088     0.02518  3590.39939   9790.46225  0.32637         2142.22786     21.02338  0.58629  60345.91467  0.62414  1.75355  1943894.11579  44.90524  17.09883  60424.31577    50.92294        43.9909   39.76459  66.33686   63.5    0.07798  -20.28906  0.83886 
   -3.72162   0.3054   4.5398     14.28747  1.96419  1.39139   8.48481  0.11006     0.02947   3767.9677   9927.44025  0.38473         2422.91378     21.04786  0.62028  60347.78026  0.71859  2.59123  1000294.19104  45.24783  17.11378   60427.2731     50.9583       43.99266   38.78724  73.22055   63.0    0.07642  -20.33878   0.8099 
   -2.65862  0.09148  1.99576     14.31294  1.71921  1.56186   35.9792  0.03369     0.01097  4049.88973   9879.25442  0.07393         3001.18993     21.10875  0.71363  60348.84325  3.52018  3.29144   150482.31971  46.72647  17.12606  60426.47805    51.03674       44.10624   28.07952  69.02308   58.5    0.07762  -20.46143  0.93719 
   -2.67212  0.12178  2.00753     14.41097  1.62692  0.87607  26.40743  0.04387     0.01169  4018.65955   9607.65157  0.06898         3385.19638     21.09664  0.69401  60348.82976  2.54399   3.2159     91741.7426  46.91232  17.11978  60425.02881     51.0344       44.10468   31.09392  68.13799   62.0    0.07853  -20.41341  0.93283 
   -4.83982  0.34107  3.73358     14.27516  1.78202  1.40347   8.40401  0.11537     0.03478  3754.78844   9905.06031  0.01939         4303.38383     21.03388  0.60063  60346.66205  0.70678  2.86634   649629.77209  45.56284   17.0918  60422.78451    50.99452       44.07491   44.32222  62.65727   63.0    0.07803  -20.31041  0.83177 
   -2.91556  0.35472  1.70929     14.35133  1.67438  1.06954  10.40212  0.09237     0.03258    3843.293   9974.48592  0.01778         2878.17336     21.12257  0.73671  60348.58632  0.91655  3.68988    90082.34568  47.07243  17.09514  60425.02881    50.97788        44.0318   28.07952  73.25573   61.5    0.08422  -20.46013  0.94711 
   -3.29425  0.09904  2.26889     14.35336  1.65589  1.40021  30.69354  0.03881     0.01151  3961.26598   9533.71981  0.03053         4125.93708     21.03176   0.5977  60348.20762  2.87304  3.03985   155509.83038  46.58449  17.12329  60424.31577    50.92265       43.97772   36.87679  68.74306   63.5    0.07602  -20.29989  0.92173 
   -3.56939  0.29788  1.59892     14.37858  1.54744  0.90512  12.01545  0.09641     0.03167  3966.00026   9998.78847  0.00448         4634.05186     21.10571  0.70866  60347.93249  1.12739  3.57918    64257.61762  47.24288  17.12861  60425.02881    51.04085       44.11572   35.77177  65.60202   59.5    0.07841  -20.43458  0.95043 
   -3.66713  0.15026  2.51196     14.39528  1.66642  0.74451  21.55652    0.044     0.01318  3822.15106   9837.98019  0.03744         3094.68826     21.11428  0.72278  60347.83475  1.87854  3.23919   158147.02663  46.49154  17.12247  60424.31577    50.89164       43.94446   39.62374  68.45073   63.0    0.08231  -20.44646  0.89819 
    -3.8027  0.15421  3.53276      14.3541  1.85382  1.11146   19.2329   0.0479     0.01534  3884.89467    9617.9237  0.00323         3522.67973     21.05574  0.63164  60347.69917  1.73153  2.96584   420649.00243  45.81677  17.10826  60422.78451    51.00745       44.09108   32.08895  64.54021   63.0    0.08376  -20.35498  0.85021 
   -5.12997  0.20121  4.16914      14.1412  1.63434  1.44099  13.14042  0.07019     0.01888  3850.25806   9939.56743  0.07857         4347.04077     21.05809  0.63507  60346.37191  1.16203  2.64397  1376719.72369  45.10325  17.10445  60426.47805    50.97694       44.03464   39.62374   68.4735   61.5    0.08036  -20.36998  0.78943 
   -3.34732  0.20184   2.2671      14.1601  1.34587  1.06424  18.43898  0.05333     0.01319  4039.74909   9969.42149   0.1181         3091.31302     21.14123  0.76906  60348.15456  1.79503  3.72172   307305.35832  46.19934  17.09273  60426.47805      50.994       44.06581   37.87182  64.68349   63.0    0.08324  -20.50157  0.87237 
    -4.0318  0.08062  2.47204     14.18212  1.53106   1.2575  38.07804  0.02583      0.0108  3856.88264   9914.41347  0.04111         3779.25353     21.11038  0.71633  60347.47008  3.37889  3.06972   375550.88352  46.09306  17.08793  60424.31577    50.99077       44.06515   36.70489  64.52052   61.0     0.0822  -20.45146   0.8941 
   -2.97615   0.2403  1.24122     14.44864  1.79794  1.47164  15.13658  0.06837      0.0231   3813.4525   9729.24675  0.04236          2817.4398     21.06277  0.64194  60348.52573  1.31308  3.63738    32584.76035  47.82291  17.12482  60425.02881    50.94876       43.99163   36.70489  71.28863   63.5    0.08132  -20.36932  0.98273 
   -3.01462   0.1088   2.6781     14.37281   1.5735  0.80866  30.27016  0.03389     0.01038  4087.82633    9748.6154  0.20036         2002.78594     21.08964  0.68291  60348.48725  3.01736  3.29332   188242.40349  46.33534  17.07579  60425.02881    50.89113       43.93797   46.84487  69.70371   63.0    0.08059  -20.42219  0.87503 
   -4.72766  0.09629  2.68679     13.93596  1.24794  1.54462  25.14102  0.03746      0.0111  3864.66148   9954.94305   0.0042         4474.30747      21.1107  0.71684  60346.77422  2.23992  2.42092  1123473.11499  45.45601  17.13034  60425.02881    50.94164       43.99099   31.09392  72.92059   60.0    0.08108  -20.46235  0.86848 
   -3.56778  0.19854  2.62461     14.78423  1.86505  0.33234  15.28339  0.06226     0.02145  3701.86146    9822.7472  0.07578         2648.68632      21.0991  0.69796   60347.9341  1.24936  3.03433    32224.54335  47.19322  17.11317  60425.02881    50.95783       44.01838   36.19831  68.75013   62.5    0.08103   -20.4205  0.91095 
   -3.02812  0.15012  1.62416     14.47496  1.51459  0.74303  21.89903  0.06245     0.01486  4062.66863   9882.41526  0.07995         2030.89321     21.04882  0.62165  60348.47376  2.15613  3.28754    41634.24587  47.40843  17.09992  60424.31577    51.01636       44.07925   37.87182  67.22588   59.5    0.07273  -20.35864  0.95261 
   -3.17054  0.13088  4.23921     14.76639   1.9814  0.36932  17.84147  0.05643     0.01701  3607.66786   9979.58619  0.72306         2325.43972      20.9994  0.55479  60348.33133  1.38519   2.3351    96957.08002  46.32467  17.12547  60422.78451    51.08154        44.1844   28.07952  62.72169   60.5    0.07627  -20.26791  0.84642 
   -5.38385  0.23151  4.33946     14.10209  1.57286   0.9114   6.46062  0.12419     0.03662  3776.95409   9761.84596  0.54303         2340.48758     21.06661  0.64765  60346.11803  0.54977  1.49569  1718671.57195  44.95547  17.11082    60428.429    50.95581       43.97246   31.09392  80.91386   63.5    0.08433  -20.36064  0.85109 
   -3.18756  0.11974  2.43168     14.33788   1.6263  1.04718  23.39622  0.04824      0.0123  3871.05164    9648.1948  0.07168         4783.83496      21.0492   0.6222  60348.31432  2.09137   2.8015   188397.79755  46.43316  17.11776  60426.47805    50.99692       44.05681   41.75305  66.00868   62.0    0.07751  -20.35758  0.91368 
   -3.95963  0.18132  3.13693     14.24419  1.76244  1.50661  17.28724  0.04996     0.02032   3825.3245   9879.33573  0.08705          2622.0276      21.0984  0.69683  60347.54224    1.509  3.13448   523075.53122  45.80339  17.10225  60424.36347    50.97188       44.05023   39.62374  62.90017   64.0     0.0805  -20.42128  0.86331 
   -5.45765  0.12858  4.73086     14.45234  1.70975  0.52695  14.26471  0.05364     0.01415  3439.70108   9837.15688  0.08649          5953.9054     20.94738  0.49216  60346.04423  1.00677  1.83417   442529.54785  45.50596  17.12109  60424.36347    51.02364       44.08675   39.01867  65.35913   63.0    0.08061  -20.20523   0.8174 
   -3.79567  0.18423  2.87994     14.28117  1.69107  1.13539  14.96406  0.06212     0.02312   3757.6639   9747.65865  0.00923         5898.27025     21.05751  0.63422   60347.7062  1.26041  2.75684   356791.31048  46.02582  17.11266  60424.36347    50.95418       44.02961   40.92912  63.39372   61.0    0.08086  -20.36436  0.88925 
   -2.79506  0.18524  2.87994      14.2758  1.62072  1.34645  17.67566  0.05573      0.0162  4087.24759   9492.63431  0.05857         3430.53529     21.07953  0.66721  60348.70681  1.76143  3.27425   350507.47473  46.01509  17.12451  60424.31577    50.90374       43.96186   37.87182  68.22963   66.0    0.08214  -20.39532  0.86416 
   -3.64381  0.35104  2.74616     14.15459  1.57796  1.55608   9.40125  0.10032     0.03136  3917.94463   9979.51617   0.0512          2878.8856     21.14411  0.77417  60347.85807  0.86085  3.30022   542229.40963  45.85531  17.11647  60424.31577    50.96132       44.04039   37.85173  64.52052   62.5    0.08239  -20.49115  0.86899 
    -4.4011  0.13389  3.53372      14.1005  1.57612  1.26982   19.3555  0.03821     0.01147  3684.51904   9879.90485  0.14515         4543.39598     21.12461  0.74019  60347.10078  1.56745  2.59157  1150456.51996   45.3091  17.11326  60424.36347    51.05182       44.13291   36.34758  63.87937   65.5    0.08808  -20.45272  0.83469 
   -1.93458  0.45153  2.31704     14.74436  2.14442  0.54754   7.64156  0.13732     0.03971  3859.89359   9843.27051  0.42546         2068.99383     21.10922   0.7144   60349.5673  0.67914  3.45039    34695.99911  47.33001  17.12377  60426.47805    50.95917       44.02259   33.62989  69.58886   64.0    0.07676   -20.4328   0.9366 
   -3.14565   0.1089  2.47425     14.31799  1.71018  1.48799  26.36733  0.04125     0.01338  3705.73056   9856.39746  0.07551         5285.84849      21.0356  0.60302  60348.35623  2.15994  2.87128   224782.60847  46.36324  17.10698  60424.31577    51.01834       44.10026   34.62492  65.60202   61.0    0.07752  -20.32431  0.91516 
   -2.15543  0.10486  1.36351     14.67184  2.08612  1.01531  28.62234  0.04727      0.0136  4080.76177   9417.83705  0.01225         2817.55128     20.96249  0.50959  60349.34645  2.84325  3.00129    16322.67386  48.10607  17.10528  60422.78451    50.85726       43.91277   37.87182  68.74306   62.5    0.07352  -20.26045  0.98856 
   -2.39813  0.15919  1.04184     14.80743  1.88737  0.49845   22.1723  0.05085     0.02235  3847.93191   9873.97959  0.04256         4524.68759     21.07219  0.65602  60349.10375  1.95836  3.52951     4617.66744  48.84467  17.12305  60425.02881    50.99005       44.03808   32.08895  71.08704   59.5    0.08293  -20.45111  0.99185 
   -2.48083  0.20141  3.48201     14.45086  1.74071  0.89202  14.12953  0.06238     0.01569  3585.59224   9644.86201  0.27424         5256.42526     21.00571  0.56291  60349.02104  1.08362   2.8459   245744.41218  46.03543  17.10431  60426.47805    50.89296       43.93593   41.55651  70.22391   67.5    0.08387  -20.28837  0.84759 
   -4.06505  0.31546  3.81712     14.21186  1.77093  1.35552   8.37442  0.11196     0.03469  3824.97392   9920.52726  0.34978          2118.1575     21.08244  0.67169  60347.43683  0.73087  2.64178   903176.47766   45.3978   17.0686  60425.02881    51.04641       44.12623   35.99197  64.43156   62.0    0.07709  -20.39529  0.83519 
   -3.19205  0.14899  3.35006     14.49843  1.74769  0.70201  17.43875  0.07094     0.02646  4071.96547   9407.12783  0.52573          2015.7339     21.02165  0.58396  60348.30983  1.72485  2.59827   183450.33234  46.19769  17.11825  60425.02881    51.00576       44.06962   31.93968  69.01269   63.0    0.07656  -20.31507  0.86863 
   -4.46498  0.26681  3.63393     14.23436  1.63852  1.15841  11.72426  0.08359     0.01975  4041.48901   9684.06801   0.1349         3075.87938     21.09989  0.69923   60347.0369  1.14234  3.12813   682822.74889  45.52823  17.11628  60422.78451    51.00325       44.09662   31.92342   62.6294   65.0    0.08195  -20.41892  0.80807 
   -2.52088  0.22859  0.97213     14.29032  1.48442  1.41567  16.25077   0.0675     0.02077  3898.63256   9875.61427  0.01053         4473.55689      21.1167  0.72682  60348.98099  1.47342  3.71471    34212.86744  47.93076  17.11039  60424.36347    50.95797       44.01564   37.87182  68.22963   60.0    0.08859  -20.45984   0.9858 
   -1.70847  0.15426  1.28201     14.49152  1.90641  1.44389  20.65146   0.0518      0.0153  3882.61081   9511.50266  0.08005          2724.2231     21.02737   0.5917  60349.79341  1.85706  3.18577    30253.03981  47.85251  17.11495  60425.02881    51.03904       44.11227   36.34758   65.9827   64.0    0.07728  -20.32941  0.98551 
   -4.45093  0.33879  3.23965     14.40634  1.80564  0.79811    8.5893  0.11561     0.03208  3847.58282   9994.97074  0.15757         2265.10801      21.0831  0.67271  60347.05095  0.75851  2.90996   270867.71826  46.07172  17.11788  60427.23705    50.95667       44.00246   31.09392  73.00875   60.5    0.07863    -20.404  0.86865 
   -5.17264  0.26903  3.89065     14.28052  1.99437  1.42346   9.77079  0.09974     0.02726  3826.50923   9887.41455  0.00408         2223.39983     21.08773  0.67991  60346.32924  0.85342  2.62867   770256.33734  45.50197  17.09091  60424.31577    50.84595       43.89111   39.66551  71.20799   61.5    0.07735  -20.40815  0.85435 
   -3.56073   0.3467  2.49806      14.1957  1.63787  1.40501   9.12581  0.09677     0.03476  3758.45284   9989.01532  0.05567         3181.25892     21.12398  0.73911  60347.94114  0.76898  3.16388   385387.83211  46.10202  17.08894  60422.78451    50.99649       44.08538   41.76231  60.64126   61.5    0.08279  -20.46468  0.89876 
   -5.32944  0.23511  3.45041     14.12695  1.47613  0.92064  10.41408  0.09313      0.0273  3972.55826   9764.00876  0.12559         2922.07729     21.13418  0.75668  60346.17244  0.98037  2.44844   909465.05218  45.40344   17.0905  60426.47805    50.93047       43.97662   38.47689  70.22189   62.0    0.07845   -20.4729  0.83539 
   -3.50195  0.34877  3.08327     14.82563  1.77362   0.3127  10.18914  0.09583     0.02067  3903.76808   9983.17287  0.02085         4992.62057     21.08201  0.67102  60347.99993  0.92626  3.55367    34948.72315  46.99625  17.12853  60422.78451    50.95971       44.02085   40.81236  65.43219   63.5    0.07874  -20.38694    0.854 
   -3.42332  0.13136  2.21243     14.26531  1.78271  1.44603  24.57924  0.03644     0.01079  3688.54268   9872.43301  0.07339         2393.10469     21.13109  0.75131  60348.07855  1.99483  3.22864    238790.5527  46.45217  17.10078  60427.23705    50.93978       43.97956   42.70336  71.44631   63.5    0.08075  -20.46593  0.92716 
   -2.49077  0.17373  2.29885     14.63981  1.74605  0.64233  15.06795  0.08484       0.028  4157.82465   9091.22006  0.01558         2435.86823     20.95931  0.50587   60349.0111  1.55387  2.61782    45005.98923  47.13461  17.10733  60425.02881    50.93109       43.99194   42.58624  66.34419   62.5    0.08366  -20.24982  0.93634 
   -2.04168  0.19454  0.79032     14.52504  1.75771  1.27608  18.37484  0.07033     0.02446  4044.48956   9570.45718  0.12409          2439.9195     21.05689  0.63331   60349.4602  1.79299  3.57456     9084.29798  48.75989  17.13771  60424.36347    51.06094        44.1671   26.10584  62.82136   63.0    0.08448  -20.36015  0.99718 
   -4.25445  0.17943  5.48038     14.22486  1.80564  1.46224   8.72737  0.10296     0.03546  3918.78958   8964.01138  0.94084         2027.53518     20.87726  0.41878  60347.24742  0.79949  1.56597  1787895.79206  44.79551  17.11067  60422.29829     50.7968       43.84225   44.72812  68.19915   65.0    0.08704  -20.16809  0.80903 
   -2.44589  0.19641  0.97765     14.35909  1.54107  1.20972  18.03506  0.05137     0.01454  3557.23228   9972.23936  0.00071          4198.7009     21.04382  0.61454  60349.05599  1.36135  3.54232    26171.77513  48.05846  17.13786  60426.47805    50.97898       44.02114   28.07952  75.13923   61.5    0.07955  -20.34516  0.98809 
   -4.66208  0.18621  3.97221      14.3167  1.83559  1.06376  14.86742  0.05455     0.01365  3655.87604    9886.2216  0.03357         5532.27462     21.03228  0.59842   60346.8398  1.18535  2.76849   625553.27086  45.53829  17.10101  60425.02881    50.87376       43.92083   45.56131  68.19915   63.5    0.08342  -20.31841  0.82512 
   -4.60416  0.28626  3.61036     14.20372   1.6702  1.36833   9.10029  0.10845     0.03198  3740.58379   9917.99381  0.08185         3982.18934     21.03791  0.60622  60346.89772  0.75956  2.60507   791126.22574  45.47827   17.1272  60422.78451    51.03236        44.1219   32.91845  62.67266   61.0    0.07586  -20.34331  0.84051 
   -3.06888  0.20856  2.23686     14.37925  1.56469  1.00693  16.77637   0.0603     0.01406  3897.75582   9937.73193  0.05589         2570.98765     21.02964  0.59479  60348.43299  1.52039  3.49893   126772.16908  46.66097  17.09979  60424.31577    50.95929       44.02859   37.87182  64.48443   62.0    0.07936  -20.32221  0.90583 
   -1.84752  0.17151  1.43796     14.42477  1.82994  1.43197  21.61389  0.04906     0.01232   3793.4632   9802.03769  0.44888         2054.45308      21.1146  0.72332  60349.65435  1.85538  3.70699    49682.06874  47.51959  17.11407  60427.23705    50.93433       43.96205   35.99197  74.88153   65.0    0.07925  -20.38551  0.97199 
   -3.19317  0.10918  2.05774     14.39155  1.54907  0.84007  31.60681   0.0334      0.0109  3959.03729   9880.82078  0.02005         5909.05884     21.08036  0.66848  60348.30871   2.9552  3.45089   100362.79339  46.83056  17.10251  60425.02881     51.0206       44.08201   32.91845  68.45861   62.5    0.07931   -20.4049  0.91898 
   -2.97759  0.11773  2.49408     14.31965  1.63951  1.15732  26.63516   0.0394       0.012  3850.23408   9783.82063  0.10442         4277.31376     21.06889  0.65106  60348.52429  2.35536   3.1357   217293.54662  46.35269  17.14119  60422.29829    50.94539       44.02802   35.99197  64.23497   62.5    0.08091  -20.37781  0.90087 
   -5.25078  0.11565  4.27191     14.19576  1.69349  1.06665  19.75561  0.04601     0.01344  3837.05034   9551.87971  0.07835         4423.85593     21.07201  0.65576  60346.25109  1.73505  2.28481  1164974.95033  45.17007  17.06292  60422.78451     50.9725       44.03734   35.99197  66.56334   64.5    0.08082  -20.36928  0.81319 
   -3.21186  0.30877  2.62238     14.42463  1.90899  0.92348   11.0015  0.08433     0.03118  3783.55994   9901.06379  0.17284         2084.35804     21.12464  0.74023  60348.29002  0.93946  3.39694   172482.50115  46.47551  17.08493  60425.02881    51.00022       44.06871   36.34758  66.88337   63.0    0.07767  -20.44369  0.90477 
   -5.29212  0.10892  5.01396     14.14592  1.91119  1.41907  14.93225  0.04687     0.01455  3734.04059   9777.39125  0.21115         2093.74127     21.02781   0.5923  60346.20975  1.24197  1.62641  2278507.98128  44.79214   17.1047  60425.02881    50.97213       44.03961   36.34758  66.82841   64.5    0.08648  -20.32545  0.84078 
   -2.98502  0.19158  3.09632     14.70497  1.99937  0.55309  14.93304  0.07976     0.01994  4171.14807   9385.21495  0.07993          3523.6296     21.05155  0.62558  60348.51686  1.54984  2.86084    69257.92519  46.74758  17.13573  60425.02881     50.9192       43.97614   44.71556  66.09734   63.0    0.08124  -20.36877  0.89676 
   -6.05138  0.26043  3.77862      14.0787  1.74643  1.55078   8.04772  0.09944     0.02428  3717.30358   9956.28784  0.00348         3323.61799     21.13485  0.75785  60345.45049  0.66337  2.09586  1611511.76806   45.1491  17.11967  60426.47805    50.93395       43.98265   41.66278  69.21072   62.5    0.08264  -20.46405  0.86387 
   -3.36006  0.15491  3.57111      14.2768  1.53772  0.84253  15.67372  0.06187     0.01629  4011.63017   9188.68671  0.34137         2041.78604     21.04143  0.61116  60348.14181  1.50467  2.42795   508976.01274  45.64342  17.08133  60426.47805    51.02513       44.08417   33.22323  69.01269   65.5    0.08677  -20.35185  0.83613 
   -2.77202  0.22331   2.9418     14.23583  1.60778  1.38123  13.53903  0.08579     0.02431  3908.38358   9984.67463  0.33337          2751.9608     21.08106  0.66956  60348.72986   1.2337  3.02335   436117.63565  45.89824  17.11174  60425.02881    50.99666       44.06093   33.22323  68.33705   61.5    0.07563  -20.38959  0.86672 
   -2.10103  0.20263  1.13637     14.42201  1.75872  1.46843  17.66537  0.06625      0.0228  3939.64925   9800.43848  0.08416         2340.79134     21.09975  0.69901  60349.40085  1.63555  3.57956    30202.21731  47.92296  17.12554  60426.47805    50.94584        43.9942   39.62374  69.51663   61.0     0.0802    -20.409  0.98596 
   -2.75747  0.15477  2.17694     14.57244  2.10436  0.89798   22.5795  0.04682     0.01491  3800.96052    9998.3641  0.30824         2138.33782     21.09417  0.69007  60348.74441  1.94593  3.49468     66335.9045  47.09452  17.10407  60424.31577    51.08902       44.18754   29.81037  63.56819   62.0    0.07128  -20.39938  0.94236 
   -6.16281   0.1712  4.81136     14.17695  1.92702   0.9166   9.99381  0.06729     0.01622  3813.48555   9956.46684  0.06793         3377.01078     21.11072  0.71687  60345.33907  0.86697  1.71091  1833723.64688  44.92586  17.15091  60426.47805    51.03797       44.12022   25.70102  69.29927   66.0    0.08405  -20.45073  0.84597 
   -4.38425  0.23412  3.30788     14.14414   1.4783  1.55924  10.24212  0.09945     0.02819  3785.05497   9554.87646  0.03045         4051.26862     21.00454  0.56139  60347.11762  0.87531  2.39786   773406.66092   45.5111  17.13848  60426.47805    50.93143       43.97231   34.62492   73.3686   61.5     0.0815  -20.28396  0.85044 
   -3.77148  0.16668  2.57056     14.26176  1.64668  1.17878  19.41564  0.05124     0.01214  3908.73558   9956.17146   0.0116         2768.40569     21.10543   0.7082  60347.73039   1.7695   3.2362   302666.57945  46.18443  17.08321  60424.36347    51.00362       44.07551   32.91845  67.30849   60.5    0.08013  -20.44109  0.89223 
   -3.03909  0.31211  1.78655     14.42141  1.70412  0.84754  11.07433  0.10248     0.04317  4062.32684   9997.92844  0.00799         5878.04165     21.12936  0.74832  60348.46278  1.09017  3.45645    72530.72124  47.13579  17.10401  60425.02881    51.00774       44.08619   39.62374  63.87937   58.0    0.08603  -20.51016  0.94667 
   -4.77229  0.13515  4.32468      14.1343   1.6494  1.11872  16.26851  0.04298     0.01288  3718.30054   9928.18723  0.00107         4206.27723      21.0321  0.59817  60346.72958  1.34173  2.19867   1543334.5125   45.0258  17.09438   60427.2731    50.96555       44.02146   40.81236  68.32801   63.5    0.08577  -20.32956  0.80879 
   -3.23392  0.43503  1.99926     14.97966  1.69087  0.19789   8.49763  0.11873     0.04942  3883.51811   9986.27269  0.06849         2129.90395     21.14026  0.76734  60348.26796   0.7645  3.69672     6892.13946  48.05686  17.10898  60425.02881    51.02922       44.10876   35.99197  64.43156   62.5    0.07676   -20.4818  0.92737 
   -3.48786  0.39668  2.88942     14.89731  1.75076  0.24966   8.84029  0.10702     0.06365   3923.9064   9997.40326  0.03106         4308.48699     21.10036  0.69998  60348.01402  0.81195   3.5068    21779.29818  47.25241  17.09752  60425.02881    51.00426       44.07321   31.92342  67.50508   63.0    0.08101  -20.42214  0.86884 
    -2.7563  0.11595  2.77068       14.307  1.67176  1.29586  21.94663  0.04349     0.01478  3582.21715   9858.16462  0.11649         5798.28618     20.99488  0.54905  60348.74558  1.67996   2.5446   289844.22757  46.14468  17.12525  60424.31577    50.96788       44.02671   39.62374  66.62081   61.5     0.0816  -20.28683  0.90285 
   -2.69687  0.32712  1.63259     14.54836  2.03195  0.85022  11.01595  0.08991      0.0238  3798.86894   9809.60564  0.03113         4576.82462      21.1432  0.77255    60348.805  0.94833  3.60355    40249.14932  47.54625  17.11143  60426.47805    50.93587       43.96498   38.38693  73.39349   63.5     0.0765  -20.48026  0.96643 
   -3.21367  0.36698  2.89485     14.28361  1.52699  1.03213   6.60928  0.22675     0.07669  4257.94611   9589.74284  0.19338         3523.45133     21.02898  0.59389   60348.2882  0.71479  2.42547   321868.81575  46.02175  17.09833  60422.78451    50.87216       43.93031   45.56131  67.29224   60.0    0.07412  -20.36085  0.88578 
   -2.50823  0.38918  0.85843     14.45614  1.66092  1.10066  10.07177  0.11281       0.035  3844.66097   9987.95353  0.22255            2264.01     21.10218  0.70292  60348.99364  0.88807  3.91975     13908.9665  48.47849  17.14072  60422.78451    51.08523       44.19858   34.21826  57.57797   62.0    0.08198   -20.4351  0.99366 
   -3.26049  0.27309   2.0858     14.23252  1.47483  1.19826  12.76482  0.08891     0.02622  3983.19773   9853.24278  0.02398         3312.78257     21.10206  0.70273  60348.24139  1.20811  3.48594   204200.84706  46.48899  17.09744  60422.41166    51.08326       44.19321   32.08895  59.70729   62.5    0.07832  -20.43831  0.90932 
   -4.30882  0.31257  3.43384     14.32226   1.9012  1.35016   9.20178  0.10847      0.0335   3782.1849   9836.19565  0.02424          5968.2744     21.06574  0.64634  60347.19305  0.78521  2.87623   471932.83442  45.80243  17.11028  60425.02881      50.924       43.95601   39.78227  71.99815   61.5    0.07533  -20.36461  0.86554 
   -3.86173  0.17158  3.51781     14.32955  1.77295  1.10276  14.93064  0.06962     0.02115  3905.34574   9730.40684  0.06177         2453.07081     21.00004  0.55561  60347.64014  1.35839  2.56174   446638.99721  45.77504  17.12659  60425.02881    50.99801       44.06326   39.01867  65.35913   60.0    0.07954  -20.32005  0.86102 
   -2.88628  0.30649  1.79775      14.3311   1.7657  1.37958  11.74839  0.07911     0.02746   3824.0456    9778.2695  0.01291          2601.4554     21.12818  0.74629  60348.61559  1.02483  3.60079   115340.42313  46.94432   17.1209  60426.47805    51.02222       44.07826   29.81845  70.56358   64.0    0.08487  -20.45513  0.94698 
   -2.89797  0.29523  3.04388     14.34714   1.6494  0.80729  11.29112  0.08201     0.02821   4018.2026    9849.4813  0.26328         2439.28929     21.13061  0.75047   60348.6039   1.0875  3.33351   286889.36166   46.0616  17.13348  60424.31577     50.9926       44.07906   29.81845  65.81568   64.0    0.08366  -20.47605  0.85096 
   -2.65687  0.11203  1.26439     14.39367  1.61796  1.12857  31.00433  0.03412     0.01324  3793.61187   9804.25745  0.00953         3371.22364     21.07217  0.65599  60348.84501  2.66168  3.47346    39192.03281  47.68086  17.07903  60424.31577    51.01872       44.09576   39.85186  63.35359   62.5    0.07593  -20.36055  0.97659 
   -2.35096  0.08285  0.98375      14.6095  1.87939  0.80627  45.33402  0.02478     0.01116  3806.66513   9909.35516  0.13774         2376.90928     21.10908  0.71419  60349.15092  3.91869  3.75589    10199.96363  48.54849   17.0987  60425.02881    50.97742       44.03197   39.66551  68.32801   62.5    0.07763  -20.37638  0.99241 
   -2.75649  0.16072  2.51587     14.36286  1.76127  1.01973  22.62402   0.0415      0.0124  3986.98224   9857.28951  0.19033         2004.94844     21.13179  0.75252  60348.74538  2.14529  3.63618   194671.63437  46.42399  17.12114  60422.78451     50.9329       44.01052   35.99197  62.10566   64.0    0.08336  -20.47166  0.89537 
   -1.93293  0.06758   0.8829     14.57672  1.63745  0.78539  47.27751  0.02878     0.01168  4204.20119   9451.46968  0.06447         3171.04508      21.0555  0.63129  60349.56894  4.98481  3.19515     8324.50489  48.67084  17.09357  60426.47805    51.00226       44.06094   39.53377  68.22795   59.0    0.06822  -20.45703  0.99467 
   -2.76583  0.13486  3.23298     14.29803  1.71105  1.49289  20.24705  0.05009     0.01533  3809.64583    9410.6542  0.39862         2762.38469     21.02226  0.58477  60348.73604   1.7529   2.7305   420941.08972  45.85868  17.12262  60425.02881    50.93798       43.97018   31.93968  74.61459   65.5    0.08052    -20.303  0.86753 
   -4.53813  0.11463  2.48948     14.18566     1.54  1.28053  27.43367  0.03424     0.01185  3656.26942   9983.16643  0.02178         4932.41295     21.10336  0.70484  60346.96374   2.1877  3.14474   376912.52203  46.08791  17.10358  60426.47805    51.03688       44.09828   32.08895  69.13645   63.5    0.07474  -20.39661  0.89129 
   -4.36599  0.29759  4.08191      14.4199  1.91166  0.96029   7.84138  0.13046     0.04144  3879.78393   9095.88318  0.02647         3955.70644     20.98794  0.54034  60347.13588   0.7041   2.3335   427707.92319  45.69738  17.11269  60424.31577    50.97231       44.04472   36.34758  65.02949   65.0    0.08244  -20.26217  0.84954 
   -3.31733   0.3483  2.65799     14.22422  1.58579  1.40318  10.15254  0.09341     0.02021  3943.35622   9749.19231  0.08723          3411.1962      21.1173  0.72782  60348.18455  0.94175   3.5361   370441.02659  46.05126  17.09969  60426.47805    50.91585        43.9541   29.81845  76.11413   65.0    0.08372  -20.44684  0.86997 
    -3.1909  0.15347    3.241     14.32729  1.66808  1.36538   15.3081  0.07219     0.01834  3981.76407   8817.93517  0.08129          5252.0638     20.95348  0.49912  60348.31097  1.44777  2.34938    360425.8892  45.91289  17.11472  60425.02881     51.0342       44.10687    26.8353  68.79883   66.5    0.08345   -20.2457   0.8796 
   -3.00387  0.07863  1.56546     14.39985   1.6153  1.13246  43.81501  0.02762     0.01294  4090.26451   9429.46892  0.01914         2449.26972     21.07786  0.66464    60348.498  4.37273  3.44539    58297.21214  47.32217  17.11738  60422.29829     50.8947       43.95495   36.87679  67.22588   64.0    0.07944  -20.38319  0.95984 
   -3.91057  0.12606  3.70459     14.23124  1.55552  1.07528    19.576  0.05471     0.01332   3961.5318   9626.04266  0.26474         2209.17558       21.008  0.56588   60347.5913  1.83264  2.46778   683411.80691  45.48856  17.10808  60425.02881     50.9771       44.03696   39.78227  66.83261   61.5    0.07746  -20.30629  0.82601 
   -3.91104  0.16409  2.90427     14.29377  1.81963  1.22153  20.50569  0.04833     0.01198   3957.9778   9981.11082  0.01815         5350.07724     21.12309   0.7376  60347.59084  1.91623  3.36479   368402.46682  46.03643  17.11298  60426.47805    50.90116       43.92909   39.78227  73.22055   62.5    0.08292  -20.49253  0.87835 
   -1.85375  0.14408  2.16582     14.39399   1.8856  1.56318  23.16154   0.0485     0.01181  3883.66123   9832.04899  0.47177         2335.78299     21.09739  0.69521  60349.64813   2.0839  3.33716   133826.17564  46.74651  17.10845  60424.31577    50.96089       44.01841   39.62374   68.4735   63.5     0.0731  -20.40429  0.93523 
   -2.67015  0.26935  2.32223     14.27843  1.63615  1.38672  10.78152  0.08688     0.03032  3783.48487   9462.83713  0.29869         2074.25346     21.05717  0.63372  60348.83172  0.92064  2.90396   227294.76836  46.39427  17.10952  60425.02881    51.07634       44.16492    26.8353  66.00868   64.5    0.08642  -20.35271  0.91885 
   -4.01004  0.17441  2.97359     14.41388  1.43985  0.56748  17.40475  0.05463     0.01306  3713.44427   9861.35004  0.12914         5871.60992     21.07379  0.65844  60347.49184  1.43169  3.03558   175762.03469  46.23568  17.09748  60422.78451    51.00346       44.09467   26.79597  64.76446   65.0    0.07977  -20.38148  0.84268 
   -3.64201  0.19899  2.49671     14.13759   1.4704  1.31951  16.04616  0.06108     0.01611  3773.12753    9952.9431    0.294         2690.23381     21.13416  0.75663  60347.85986   1.3627  3.19307   451658.02343  45.98673   17.0964  60425.02881    50.99784       44.06598   37.85173   66.4711   64.5    0.07681  -20.46387  0.88201 
   -2.13472  0.08286  1.38772     14.71338  1.80116  0.57507  35.89598    0.036     0.01173  3871.74084    9763.8131  0.09749         2924.09977     21.01331  0.57285  60349.36716  3.20986  2.97438    12056.06332  48.15859  17.09763  60426.47805    50.99433       44.05862   40.45693  66.00868   60.0    0.08044  -20.30175  0.98035 
   -3.19905  0.20265  4.16671     14.44551  1.97466  1.24811  12.55307  0.08584     0.01967  3995.44562   9298.37827    0.093         5834.46888     20.94334  0.48761  60348.30282  1.19538   2.5439   409138.67189  45.71288  17.09804  60424.31577    51.07646       44.17523   34.21826  60.78202   63.5    0.08165  -20.25144  0.83965 
   -5.04296  0.17942  4.15584     14.15181  1.73408  0.97855   9.92864  0.07307     0.02234  3770.97209   9836.12872  0.04055         3811.10483     21.08858  0.68124  60346.45892  0.84222  1.78139  1382244.31444  45.13001  17.10403  60425.02881    50.99288       44.04965   42.58624  67.38731   64.0    0.08676  -20.42135   0.8589 
   -3.76949  0.13095  3.62168     14.52901  1.96109  0.73626  20.02752  0.05702     0.01778  4011.23071   9676.85478  0.06096         2876.59506     21.03087  0.59649  60347.73238  1.92225   2.6227   208982.38687  46.12341  17.11756  60426.47805    50.98399       44.04745   35.99197  68.49359   59.5    0.07967  -20.34717  0.86933 
   -4.36575   0.2921  3.79317     14.62238  1.72981  0.39052   8.77369  0.10445     0.03383  3766.51878   9789.54632  0.17708          4136.4761     21.09407  0.68992  60347.13613  0.74249  2.56276   131542.77539  46.22977  17.10778  60424.31577    51.10128       44.21157   32.08895  59.70729   64.0    0.08367   -20.3897  0.83632 
   -4.39077  0.31168  3.35159     14.26973  1.54342  0.85819   8.55199  0.13412     0.03169  4014.14461   9831.19326  0.05013         3773.05852     21.07618  0.66208  60347.11111  0.82202   2.6655   464871.27012  45.73949  17.11131  60424.36347    50.87883       43.92138   33.62989  72.32547   60.0    0.07918   -20.3941  0.84157 
   -2.75222  0.26919   2.6332     14.35252  1.78017  1.51888  11.50624  0.08872     0.01977  3727.41041   9730.90683  0.06491         4607.95262     21.03158  0.59746  60348.74965  0.95362  3.09742   226052.47948  46.32413  17.11853  60426.47805    50.96126       44.01449   35.99197  69.06563   63.5    0.07542  -20.31372  0.90356 
   -5.09745  0.12947  4.08564     14.31967  1.62404  0.68858  17.70013  0.05098     0.01302  3879.85705   9692.31221  0.04523         3085.75162     21.05001  0.62336  60346.40442  1.58941  2.29162   577561.04956  45.49533  17.10182  60424.36347    51.05088       44.13826   34.21826    63.193   62.5    0.08553  -20.35153  0.81687 
   -3.78914  0.15011  2.91629     14.22494  1.71169  1.21449  20.46544  0.04662      0.0142  3869.77784   9922.26744  0.19851         2286.47956     21.14756  0.78035  60347.71273  1.82819  3.07197   479752.56597  45.89159  17.11095  60425.02881    51.04121       44.11895   31.92342  67.30849   62.5    0.07889   -20.4867  0.87707 
   -3.47817  0.21982  3.51636     14.32508  1.74173  1.29927  12.36952  0.08051     0.01969  3853.66332   9303.48594  0.10358         4224.63867     21.01006  0.56858  60348.02371  1.09579  2.71908   447526.39804  45.76682  17.10406  60425.02881    51.05479       44.13518   35.99197  64.23497   65.5    0.08139  -20.28814  0.85072 
   -3.17104  0.24964   2.5791     14.43524  1.95099  1.17507  12.69847  0.07711     0.02913  3911.80686   9502.54309    5e-05         5315.85517     21.06641  0.64735  60348.33083  1.15913  3.17001   162377.02433  46.52564  17.09955  60425.02881    50.93699       43.98206   43.64282  69.21072   64.0    0.08162  -20.37392  0.91672 
     -4.261  0.17167  3.51347     14.49721  1.81911  0.61745  16.89824  0.06044     0.01436  3858.10828   9878.93293   0.0539          4973.9417     21.09078  0.68472  60347.24088  1.50044  2.90088   211213.83396  46.11251  17.08913  60424.31577    51.04279       44.12059   34.62492  65.79861   61.5    0.07712   -20.4094  0.85058 
   -4.07561  0.19842  3.05367     14.54517   1.5682  0.41631  13.82339  0.06873     0.01886  3771.79543   9987.33661  0.00113         4377.55804     21.06219  0.64108  60347.42627  1.17311  2.74286   110285.29634  46.45208  17.08883  60424.36347    51.04345       44.12042   34.62492  63.47271   59.5    0.07798  -20.38214   0.8645 
   -3.77918  0.22048    3.801     14.66052  1.97939  0.47891  13.52403  0.06625     0.02419  3899.39334   9835.74644  0.03718         2357.81104     21.06198  0.64077  60347.72269  1.22667  2.98181   126797.18328  46.30247  17.12881  60424.31577    51.02888       44.10901   27.83033  67.16996   63.5    0.08431  -20.38788  0.84305 
   -3.36144  0.31113  2.95036     14.41802  1.71881   0.9212    10.305  0.10745     0.03311  4012.34314   9635.89987   0.0851         4238.74273     21.07372  0.65834  60348.14044  0.98963  3.20617   202652.66892  46.25757  17.09305  60424.31577    50.99148       44.05983   35.99197  66.33831   64.0     0.0802  -20.36935   0.8714 
    -5.3894  0.13365  5.84107     14.29054  2.13461  1.00665  13.28549  0.06546     0.01509   4013.4181   9757.02769   0.2559         2622.16571     21.03286  0.59922  60346.11247  1.27654  1.77561  1774381.89673  44.81613   17.0788  60425.02881     51.0222        44.0987   39.62374  63.87515   60.5    0.08531  -20.36382  0.80757 
   -2.24146  0.10291  1.26381      14.5365    1.513  0.71836  30.20198  0.04216     0.01052  4020.45156    9358.2427  0.06802          3498.2337      21.0301  0.59542  60349.26041  2.91214  3.10822    18968.31557  47.96729  17.10558  60425.02881    51.05224       44.13879   34.21826    63.193   64.5    0.07147  -20.30035   0.9781 
   -2.83783  0.19572  3.19179     14.42304  2.05179   1.5437  15.53486  0.06814     0.01622   3878.0492   9789.95691  0.12064         3882.47718     21.06093  0.63923  60348.66405  1.39367  3.04051    276649.0521  46.13098  17.10762    60428.429    50.95517        43.9841   34.62492  76.24858   62.0    0.07904  -20.36177  0.88855 
   -3.47365  0.12595  3.19634     14.27237  1.84508  1.47243  24.86843   0.0416     0.01122  3915.79188   9956.71339  0.26753         3407.88322     21.14416  0.77426  60348.02822  2.27465  3.13229    499342.9591  45.82715  17.13147  60426.47805    50.90829       43.94847   41.66278  70.11764   63.0    0.07635  -20.49583  0.86706 
    -2.2846  0.14517  1.36189     14.28734   1.5208  1.25473  25.83904  0.03624     0.01018  3725.21258     9968.573  0.13853         3608.42731     21.12546  0.74163  60349.21728  2.13897  3.75103      69740.349  47.33915  17.12052  60424.31577    50.92608       43.98062   45.56131  66.31587   64.0    0.07996  -20.43527  0.96316 
   -2.02438  0.33038  0.86633     14.50173  1.58734  0.90288   9.48599  0.17155     0.05145   4140.0508   9964.69709  0.13697         4349.44528      21.0748  0.65997   60349.4775  0.96989  3.13397    10974.67118  48.55376  17.10259  60425.02881    50.95766       44.01787   35.99197  68.49359   61.0    0.06507  -20.41809   0.9945 
   -4.75968  0.20252  4.27995     14.22347  1.91565  1.20989   12.2152  0.07135      0.0234  3775.00695   9998.58303  0.28942          2060.2137      21.1079  0.71225  60346.74219   1.0384  2.47382   1164327.3752  45.22221  17.10279  60422.78451    51.03258       44.11834   34.62492  62.78635   63.5    0.07624  -20.42089  0.82827 
   -4.45882  0.16165  3.85723     14.20986  1.75768  1.21223  13.91742  0.05786     0.01812  3544.44105   9919.65073  0.06031         5607.01794     21.03319  0.59968  60347.04305  1.04299  2.24979   923834.76369  45.37564  17.13564  60424.31577    50.87414       43.93282   43.53655  65.39388   63.0    0.08395  -20.33439  0.85199 
   -4.23941  0.19213  3.64828     14.33349  1.96927  1.15655  16.65243  0.05547     0.01942  3785.61425   9988.70413  0.12376          4615.8924     21.13976  0.76645  60347.26246  1.42357  3.19947   523976.76868  45.71966  17.10434  60424.31577    51.00114       44.08347   34.62492  63.47271   64.5    0.07816  -20.46513  0.84351 
   -4.48523  0.08819  3.65493     14.12033  1.57567  1.24706  22.24636  0.03924     0.01256  3747.58252   9594.98308  0.02373         3870.39038     21.04888  0.62174  60347.01665  1.86375  1.96192  1122985.29402  45.29018  17.10547  60422.78451    50.97215       44.04343    35.8427  66.33831   61.0    0.08595  -20.34475  0.86173 
   -1.77191  0.32803  2.05821     14.54489  1.97781  1.21462  10.21783  0.12429     0.04618  4210.07942   9653.01176  0.19075         3240.23738     21.05899  0.63638  60349.72997  1.08035  3.35173    63270.30529  47.13685  17.10965  60422.29829    51.01949       44.11323   39.01867  60.22581   64.5    0.07739  -20.34944  0.94928 
   -4.57835  0.15921  4.54488     14.18442  1.55069  0.91119  14.04221  0.06477     0.01192  3736.96115   9928.27461  0.23528         5001.60403     21.03711  0.60511  60346.92352  1.16977  2.23565  1272196.63271  45.03977  17.09678  60425.02881     50.8723       43.91079   46.01167  72.39661   64.0    0.07782  -20.34785  0.77435 
